Time,IRIP_X,IRIP_Y,IP_X,IP_Y,IP_Z,IRCP_X,IRCP_Y,CP_X,CP_Y,CP_Z,OE_A,OE_B,OE_G,TLV_X,TLV_Y,TLV_Z,TAV_X,TAV_Y,TAV_Z
21.03,237.6760776169895,54.63443871763958,-0.733876116296706,7.870002389175845,1.0,188.2154646275712,217.1866755120643,-2.662165121732116,1.532683215903924,0.14176816364838807,0.02796084359317552,0.00015260577073178468,-2.613376399453979,-0.013995053802786765,-0.006920857256515801,-0.01670644062199206,0.03370825590188356,-0.016824239825344565,0.009434868915277722
0.0,187.07601064188162,217.78099246474255,-2.706588279068942,1.5095129643375227,1.0,188.20700586834926,217.1901163210751,-2.662494897920107,1.5325490713031156,0.14168571938760277,0.027734783351381544,0.0001374439685126086,-2.613041076926549,-0.016693218637614967,-0.006745640304114705,-0.018643608662612433,0.0015132985539810856,-0.0028551475344448397,0.014046098631393007
0.0,187.07601064188162,217.78099246474255,-2.706588279068942,1.5095129643375227,1.0,188.1986220409374,217.19349336143293,-2.6628217527899642,1.5324174128096326,0.14160707779688508,0.027485202702210068,0.00015249670263916797,-2.612717091773912,-0.013880849705508892,-0.006864823317667525,-0.01668651122244119,0.033650801605600446,-0.016778441821307707,0.00937965704061764
0.0,187.07601064188162,217.78099246474255,-2.706588279068942,1.5095129643375227,1.0,188.19021696947962,217.1969099895341,-2.6631494358877337,1.532284210934343,0.14152489784057712,0.027259964215052924,0.00013741781220330106,-2.6123824778755815,-0.016595179968720404,-0.0067034172950059855,-0.01862884031698502,0.001496647209661168,-0.002849661614501609,0.013998120128254545
0.0,187.07601064188162,217.78099246474255,-2.706588279068942,1.5095129643375227,1.0,188.18187893712485,217.20026552499908,-2.6634745053752495,1.5321533908382425,0.14144644079578222,0.02701100169600719,0.00015245746640302348,-2.612058762373744,-0.01379835200306322,-0.00682054983756702,-0.016680700225289197,0.033629898050466026,-0.016729782815472594,0.009364064972720285
0.0,187.07601064188162,217.78099246474255,-2.706588279068942,1.5095129643375227,1.0,188.17351729623016,217.20366163175197,-2.663800495273678,1.5320209890155174,0.14136442298335752,0.02678625861112537,0.000137426854479704,-2.6117243274221194,-0.016508123293004905,-0.006665497326198937,-0.01861883643482023,0.00149134913699082,-0.0028424739068859638,0.013965678952168565
0.0,187.07601064188162,217.78099246474255,-2.706588279068942,1.5095129643375227,1.0,188.1652215684931,217.206996790578,-2.6641239154583576,1.5318909633302928,0.14128611349221845,0.026537811825060435,0.0001524260895977321,-2.6114006963131473,-0.01371964741958918,-0.006777414853482599,-0.01667659748700718,0.033612213536902136,-0.01668019237477953,0.009353453678435288
0.0,187.07601064188162,217.78099246474255,-2.706588279068942,1.5095129643375227,1.0,188.15690204093303,217.2103727390609,-2.664448263511384,1.531759347405033,0.14120424271844623,0.026313516747191838,0.00013743924158181529,-2.6110663656864666,-0.016422814194662703,-0.006628005612192081,-0.01860952862046734,0.0014875159162511479,-0.0028347964908569615,0.013935864034516864
0.0,187.07601064188162,217.78099246474255,-2.706588279068942,1.5095129643375227,1.0,188.1486479870818,217.21368761081894,-2.6647700589831658,1.5316301126386387,0.14112607229957919,0.026065565695231774,0.00015238850573570924,-2.6107427812966084,-0.013641775936288352,-0.006734220649993792,-0.016672767184317684,0.033594918243266964,-0.016630089815266667,0.009343894380412485
0.01,187.07601064188162,217.78099246474255,-2.706588279068942,1.5095129643375227,1.0,188.1403703199126,217.21704333155614,-2.6650927750521403,1.5314992853194491,0.14104434392764092,0.02584171277904696,0.00013743254398431267,-2.610408532861037,-0.016337826764916342,-0.006590356718145931,-0.018600316266929907,0.0014827201135521832,-0.0028265936147166965,0.013907233160056029
0.01,187.07601064188162,217.78099246474255,-2.706588279068942,1.5095129643375227,1.0,188.1321579582577,217.22033779301867,-2.665412945097167,1.5313708462760767,0.14096631001312857,0.025594244278234236,0.00015233775531621035,-2.6100849833437163,-0.01356398233507572,-0.006690717335351126,-0.016668892679827154,0.03357726186893625,-0.01657949007654478,0.009334613640798597
0.03,187.07601064188162,217.78099246474255,-2.706588279068942,1.5095129643375227,1.0,188.1239221002783,217.2236732237167,-2.665734031178234,1.5312408099915507,0.14088472102874577,0.02537081973507585,0.00013742017453224615,-2.609750802478855,-0.016253196245903795,-0.006552611041050659,-0.018591205611771324,0.0014779582624207263,-0.0028181510265365382,0.01387949532203922
0.05,187.07601064188162,217.78099246474255,-2.706588279068942,1.5095129643375227,1.0,188.1157512067747,217.2269472704948,-2.6660525845312013,1.5311131668423084,0.14080681913209409,0.025123815264440668,0.0001522882040635176,-2.6094272688729236,-0.013486707269361032,-0.006647271955491516,-0.0166651832528082,0.03356059069995528,-0.01652903156510416,0.009326364874167915
0.07,187.07601064188162,217.78099246474255,-2.706588279068942,1.5095129643375227,1.0,188.10755686421953,217.23026241668094,-2.666372052077212,1.530983921376962,0.14072536419673076,0.02490080203219965,0.0001374105852972426,-2.6090931329650497,-0.016169195954641755,-0.006514926247537702,-0.018582309162326987,0.001474218476101615,-0.0028096882540908,0.013852978046671335
0.09,187.07601064188162,217.78099246474255,-2.706588279068942,1.5095129643375227,1.0,188.07916758882476,217.2457550267044,-2.66747884643958,1.5303799209861826,0.14064589850648018,0.024634582537942696,0.00011001833653576562,-2.6087634882907005,-0.07595561748282793,-0.04095071028685657,-0.0131288436520151,0.02044344547188915,-0.012316264288537842,0.016147862337391142
0.11,187.07601064188162,217.78099246474255,-2.706588279068942,1.5095129643375227,1.0,188.0355271425321,217.2681252153321,-2.6691802283613213,1.5295077888759412,0.14054001419239057,0.02433307320346451,0.00013894456603605863,-2.608165732177943,-0.08877831262807581,-0.04614726292706961,-0.01702913994561116,0.02751251830320665,-0.01124835581453458,0.02558421044535293
0.13,187.07601064188162,217.78099246474255,-2.706588279068942,1.5095129643375227,1.0,187.98835650989227,217.29177232462385,-2.6710192393804184,1.5285858742836709,0.14041395113218383,0.023963634073171498,0.0001415435334356969,-2.607420919810255,-0.09188015410566626,-0.04746054566370993,-0.018018717213345456,0.03274721625295701,-0.011899578239097148,0.02942045919516641
0.15,187.07601064188162,217.78099246474255,-2.706588279068942,1.5095129643375227,1.0,187.94020419061243,217.31579236885725,-2.6728965227831414,1.527649420317456,0.14027823198694284,0.023570235675604727,0.000134960263905633,-2.6066182258674884,-0.09344862700462461,-0.0475631438617997,-0.018592875634220934,0.031959607465082966,-0.009487272060699494,0.030781799271826518
0.17,187.07601064188162,217.78099246474255,-2.706588279068942,1.5095129643375227,1.0,187.89169502934126,217.33994885748064,-2.674787718154336,1.526707646881845,0.14013785942846485,0.0231616321564041,0.0001313657258651036,-2.605787201435085,-0.0942868333551667,-0.04761584466582665,-0.019249892121753716,0.02590737256789232,-0.006144437848048396,0.032513120958945915
0.19,187.07601064188162,217.78099246474255,-2.706588279068942,1.5095129643375227,1.0,187.82378861626535,217.37609182290012,-2.6774351416660678,1.525298564409353,0.13969631982916567,0.021779699484348096,-1.1582416641944963e-05,-2.604843038909841,-0.146699924836993,-0.08168054329373448,-0.07520880577856903,0.1854123567933528,0.11680196026312077,0.05898837239190519
0.21,187.07601064188162,217.78099246474255,-2.706588279068942,1.5095129643375227,1.0,187.74795912356882,217.41993759589243,-2.680391457170806,1.523589177548054,0.1365500477147376,0.012526721030324246,-2.775430831227558e-06,-2.6034580023484977,-0.14818022009172296,-0.08800151282975188,-0.2320287784172284,0.5835971829729636,0.3491630743916731,0.07587276215856736
0.23,187.07601064188162,217.78099246474255,-2.706588279068942,1.5095129643375227,1.0,187.65243393486472,217.41774712454477,-2.6841156360676526,1.5236745760411394,0.13734304277890766,0.00966510885561876,0.007294545246933477,-2.594797406113561,-0.184938114654959,-0.09447661480834502,-0.045356773834093034,0.18271748676368307,-0.021589484112699422,0.13877008284627976
0.25,187.07601064188162,217.78099246474255,-2.706588279068942,1.5095129643375227,1.0,187.55275032466417,217.47109244953594,-2.688001936660265,1.5215948362754015,0.13699622953868407,0.008430069525457851,0.0074433701029852145,-2.5930902581810327,-0.19552805091022107,-0.10100265975276751,-0.02447920943691617,-0.022945735323412507,0.020040107067410943,0.059408587192652754
0.27,187.07601064188162,217.78099246474255,-2.706588279068942,1.5095129643375227,1.0,187.4537935169367,217.51778613703672,-2.6918599018738125,1.5197744196087053,0.13679491765052412,0.009442453563646943,0.005214787026796815,-2.591870768310799,-0.18767138444274822,-0.08433319187222153,-0.03250624598347788,-0.15169729536653767,0.09381366370881877,0.053715898901299235
0.29,187.07601064188162,217.78099246474255,-2.706588279068942,1.5095129643375227,1.0,187.3410085480574,217.56815764939319,-2.696256976683922,1.5178106179573796,0.13667847105322345,0.012890897773411791,0.0002843398323526721,-2.591182843522675,-0.23750491113393707,-0.1028065459845521,-0.01776628181202059,-0.3464387290884153,0.13520758583358222,0.019199712761447964
0.31,187.07601064188162,217.78099246474255,-2.706588279068942,1.5095129643375227,1.0,187.21963202334885,217.62807543729534,-2.7009890049376666,1.5154746418208438,0.13635495511830256,0.011963225164099858,-3.0411085658910715e-06,-2.5910182419775465,-0.24192580827812862,-0.1328136369919625,-0.060618549417599046,0.14752796154982323,0.09418196553196576,0.044348760063278175
0.33,187.07601064188162,217.78099246474255,-2.706588279068942,1.5095129643375227,1.0,187.0951875336324,217.6971041415602,-2.7058406419636483,1.5127834642666576,0.13347942916664246,0.003532479758605228,-4.2801936071900413e-07,-2.589874510540533,-0.2426964681733387,-0.13518360983456634,-0.21949942489719013,0.546810854307137,0.336339765120687,0.06568511324591403
0.35,187.07601064188162,217.78099246474255,-2.706588279068942,1.5095129643375227,1.0,186.9697249971072,217.77261307773443,-2.7107319689236955,1.5098396460922252,0.13227133599023919,7.494390116293631e-07,-6.017223941172791e-06,-2.589530671539208,-0.25090223589785565,-0.15403232559962446,-4.371682566362231e-05,-0.00041879473230003414,0.00034636861861126475,0.0004137902764716427
0.37,187.07601064188162,217.78099246474255,-2.706588279068942,1.5095129643375227,1.0,186.8387850749625,217.8356665210131,-2.7158368391827494,1.5073814221827253,0.13349368137367335,0.002979029519544865,0.0024254039887575698,-2.587211037016972,-0.2569322735372485,-0.1548530460784615,-0.00919387859575963,0.013685783428459025,0.024183550876488824,0.008904818561299377
0.39,187.07601064188162,217.78099246474255,-2.706588279068942,1.5095129643375227,1.0,186.7006998919794,217.86765136555653,-2.7212202771158127,1.5061344496859053,0.13575984305730548,0.007083977453693791,0.0052676418934693315,-2.5797025015384336,-0.2794074850779815,-0.0967693327111972,-0.0391170692168151,-0.004816919684677776,0.04413834827730537,0.19558033581573864
0.41,187.07601064188162,217.78099246474255,-2.706588279068942,1.5095129643375227,1.0,186.55882650383458,217.92732523060002,-2.726751403359276,1.5038079832124744,0.13574269952907655,0.009051384084434982,0.001787178766749302,-2.5771226112124395,-0.26991338679655785,-0.12446394477057236,-0.021478437729022394,-0.26902663858557585,0.10371027885410027,0.062006183877087215
0.43,187.07601064188162,217.78099246474255,-2.706588279068942,1.5095129643375227,1.0,186.42363446128502,217.98350525340857,-2.732022048292981,1.5016177289119468,0.13394408753135775,0.004698489126649362,-0.0003590844956707176,-2.5770210801325018,-0.26069869525355915,-0.10094280533988798,-0.17112216305765657,0.3955683089038764,0.19490622264976343,-0.026852750038983977
0.45,187.07601064188162,217.78099246474255,-2.706588279068942,1.5095129643375227,1.0,186.29425366415973,218.0490586887032,-2.737066133950888,1.4990620394267742,0.1322695816442067,-3.7799303845318864e-07,-1.1416386011693559e-05,-2.5771081101386084,-0.2457724073646352,-0.1535443588589161,-1.2538670623625189e-05,-0.0017301998332709795,0.0001837554939946443,0.0007323908903067097
0.47,187.07601064188162,217.78099246474255,-2.706588279068942,1.5095129643375227,1.0,186.16591434529303,218.13011495449015,-2.7420696161679117,1.495901951092001,0.13227127116879975,-4.13448148273238e-07,-6.7354574119668186e-06,-2.5770957935302246,-0.2524389334822158,-0.15976079254221465,9.963820245808896e-06,-0.00028571016081602315,4.690813818554211e-05,0.00023759185564629565
0.49,187.07601064188162,217.78099246474255,-2.706588279068942,1.5095129643375227,1.0,186.03612428292155,218.21228858302587,-2.7471296575859045,1.4926983008566923,0.13227139731201962,-1.0695116220285278e-07,-6.416107508412642e-06,-2.57709404195244,-0.25326170882021193,-0.16033416636946876,-2.5152797482778693e-05,-0.0004061389115880547,0.00012777221064284267,9.911286488608863e-06
0.51,187.07601064188162,217.78099246474255,-2.706588279068942,1.5095129643375227,1.0,185.90156128434614,218.27769126388276,-2.7523757783880636,1.4901484887375145,0.13400695723714168,0.004244865327172428,0.0026418717618445988,-2.574879614640261,-0.2571563736713004,-0.14493046451408975,-0.03759729153237568,0.015929379674901822,0.046267259439286335,0.08659549600339417
0.53,187.07601064188162,217.78099246474255,-2.706588279068942,1.5095129643375227,1.0,185.7639599775981,218.34842588620984,-2.7577403517505608,1.4873908036565369,0.13415261212045582,0.005253043276996402,0.0005991514869947427,-2.573330975003108,-0.26055140656336256,-0.15104725021785947,-0.024082639040254053,-0.18629209452587278,0.08303013118036043,0.0002584698353560299
0.55,187.07601064188162,217.78099246474255,-2.706588279068942,1.5095129643375227,1.0,185.6369085041083,218.42779116730597,-2.7626936255708268,1.4842966406508404,0.1340360073888699,0.005243341211825252,0.00012982167946996756,-2.573399933543444,-0.24545099314982,-0.16255642418825228,-0.01842850973048775,0.040568080639675916,-0.011326198560958992,-0.00036974582257239767
0.57,187.07601064188162,217.78099246474255,-2.706588279068942,1.5095129643375227,1.0,185.5083609992085,218.51120813219774,-2.7677052242023983,1.4810445172632465,0.13393972074648075,0.004965216061098267,0.00015264366986061413,-2.573400054212641,-0.2511620989035791,-0.16301365123214676,-0.019597379276648324,0.011670511833433553,-0.0002631924073827844,-0.004697932876135463
0.59,187.07601064188162,217.78099246474255,-2.706588279068942,1.5095129643375227,1.0,185.3802210575278,218.59342367806664,-2.7727009334297166,1.4778392328239118,0.13366771443223965,0.00404451436453255,0.00038406884503873576,-2.5731963325540996,-0.251624421248829,-0.15897141153973962,-0.008474512650382546,-0.017064285980336335,-0.02021339131594297,-0.014946088472558523
0.61,187.07601064188162,217.78099246474255,-2.706588279068942,1.5095129643375227,1.0,185.25131845096723,218.67283863910205,-2.777726376180615,1.4747431329784786,0.1338207554371091,0.004613681265475244,0.0001509869377125153,-2.5731730910828747,-0.24813520651454682,-0.15706495057995795,-0.00660647709043616,0.009853841344136086,-0.028658068935512607,-0.004989699745408818
0.63,187.07601064188162,217.78099246474255,-2.706588279068942,1.5095129643375227,1.0,185.12327077020817,218.7531280979433,-2.7827184884909086,1.4716129396513329,0.1339573187174276,0.005023808541936369,0.0001399196105986476,-2.573186374609816,-0.24899766756955638,-0.15796310318671844,-0.0068504821406411565,-0.02788821519849859,-0.018103915630543237,-0.012194630805658187
0.65,187.07601064188162,217.78099246474255,-2.706588279068942,1.5095129643375227,1.0,184.99552854843984,218.8330822113163,-2.7876986920686213,1.4684958202215859,0.13409623138205073,0.005415218359556758,0.00015365577658704515,-2.573184782313394,-0.24712917806295542,-0.1564513924100912,-0.00569382675164137,0.00840603332827193,-0.029204575251894245,-0.00900698852662645
0.67,187.07601064188162,217.78099246474255,-2.706588279068942,1.5095129643375227,1.0,184.86796986175557,218.91294691911258,-2.792671740282434,1.4653821863893732,0.1342311211098784,0.005819898859232074,0.00014607125432054927,-2.57317860185844,-0.24805938274066439,-0.1573157042534279,-0.006902010644658765,-0.027335073211727137,-0.01827094826868123,-0.011689044699369733
0.69,187.07601064188162,217.78099246474255,-2.706588279068942,1.5095129643375227,1.0,184.73940317093857,218.99167219748506,-2.7976840869029793,1.4623129747569175,0.13346156258638878,0.003480030620563161,-3.3429297300869465e-06,-2.573089625902992,-0.2535182321992192,-0.14810329946636586,-0.11387576409344609,0.28018311483638847,0.17906091864221618,0.016454128481231484
0.71,187.07601064188162,217.78099246474255,-2.706588279068942,1.5095129643375227,1.0,184.61126341295846,219.07004257048095,-2.8026797889684802,1.4592575995913852,0.13226445995408836,8.096440913303235e-06,-3.071495884522017e-05,-2.5729069906338933,-0.24899290825254083,-0.1575552918391841,-0.0008312277391778379,-0.0009719545225200217,0.004289339183149244,0.002460159215577634
0.73,187.07601064188162,217.78099246474255,-2.706588279068942,1.5095129643375227,1.0,184.4829685866558,219.15184556403946,-2.8076815365826198,1.4560683990627885,0.13227059015485587,2.1214598485961053e-06,-8.69737080863276e-06,-2.572892469005537,-0.25147354328313043,-0.1606138464522752,-1.4422824032939213e-05,-0.0004016410075270472,0.0002005521100579584,0.00029914810026906687
0.75,187.07601064188162,217.78099246474255,-2.706588279068942,1.5095129643375227,1.0,184.3536841497964,219.23446631917744,-2.812721865505013,1.4528473169911327,0.13227161542742139,7.745443183042021e-07,-5.14058953719186e-06,-2.572889572605831,-0.2524634006030998,-0.16135222476643002,3.434686071219811e-05,-3.459185139646836e-05,6.671075594200228e-06,5.923620106290301e-05
0.77,187.07601064188162,217.78099246474255,-2.706588279068942,1.5095129643375227,1.0,184.22407021179052,219.31731138241778,-2.817775040476003,1.449617489964218,0.13227164475754985,1.001610610501801e-06,-5.090436419887412e-06,-2.572888569214278,-0.25275178263186054,-0.16155277969035145,3.335017244067939e-05,-9.057317320512297e-06,3.3166561484432952e-06,1.9487260128258403e-05
0.8,187.07601064188162,217.78099246474255,-2.706588279068942,1.5095129643375227,1.0,184.0943897468332,219.4001734974022,-2.822830809090323,1.446386998151961,0.13227293372735868,6.493348918758317e-06,6.555675682461389e-07,-2.572887947876808,-0.25294240626895,-0.16142743020220127,0.00019656700629685657,-7.537273759364669e-05,-0.0005703374284585026,9.44268726137045e-05
0.82,187.07601064188162,217.78099246474255,-2.706588279068942,1.5095129643375227,1.0,183.96172455208176,219.48007706022577,-2.8280029414393066,1.4432718495038683,0.13278770186942512,0.001369022639267792,0.0005178262959166038,-2.5727366598803236,-0.25719688449997036,-0.151828016137716,-0.03686514519014118,0.021572234551526473,0.06837892991696073,0.03339681246389284
0.84,187.07601064188162,217.78099246474255,-2.706588279068942,1.5095129643375227,1.0,183.8330440598391,219.56454555633624,-2.8330197247626083,1.4399787307471246,0.1323142664998773,0.0001682333054557593,6.343957784044128e-05,-2.5725173393791265,-0.24718370599388054,-0.1721216971066531,-0.029931456948133345,0.06606999328758852,0.05211016687504018,0.0022176410475335745
0.86,187.07601064188162,217.78099246474255,-2.706588279068942,1.5095129643375227,1.0,183.70405871230523,219.64884282496843,-2.8380483932824476,1.4366922875255963,0.1322712743415467,-1.171978018402847e-07,-6.935964610326754e-06,-2.572421191332553,-0.253001970576827,-0.16188561411928534,-8.261477002180906e-05,-0.00045681949560397406,0.00018352625924800055,0.00026386448303667267
0.88,187.07601064188162,217.78099246474255,-2.706588279068942,1.5095129643375227,1.0,183.57433547274934,219.7318585024051,-2.8431058295224427,1.4334558088730966,0.1322712886723765,-3.246284162998203e-07,-6.559207585434095e-06,-2.57242087084772,-0.25288323462035994,-0.16178119739557428,-7.597994151420912e-05,-0.00037532527917289024,0.00017981336285897355,-4.68817253248732e-06
0.9,187.07601064188162,217.78099246474255,-2.706588279068942,1.5095129643375227,1.0,183.44024158726344,219.80115962892,-2.8483336613152654,1.430754010568422,0.1328939011983391,0.0013370625663984004,0.0009163639647599847,-2.5706649932319503,-0.2579286018761148,-0.14401901390175118,-0.020868898912739697,-0.04189763228944174,0.03870991537204382,0.054699617180046144
0.92,187.07601064188162,217.78099246474255,-2.706588279068942,1.5095129643375227,1.0,183.3119219917339,219.87717493625647,-2.853336374591271,1.427790450828209,0.13289645443905435,0.0019143574286924936,0.00013572920229859263,-2.570161063926718,-0.2424208898847064,-0.15572592217051662,-0.006023282331126467,-0.019307906017082384,-0.01895076794006943,-0.005437132256884066
0.94,187.07601064188162,217.78099246474255,-2.706588279068942,1.5095129643375227,1.0,183.1867516203208,219.95715022648346,-2.858216311098605,1.424672505790118,0.13222389355728553,-8.409795111023013e-05,-2.7647057670326703e-05,-2.5699141760348367,-0.23936413800507123,-0.16575295150943808,-0.02654277188117116,0.004612185627394395,0.04660610572605403,0.02597615145926705
0.96,187.07601064188162,217.78099246474255,-2.706588279068942,1.5095129643375227,1.0,183.0575573493972,220.03101472748452,-2.863253124779837,1.421792798148752,0.13301770182723827,0.0018779559966769714,0.0007048910861117138,-2.5690845689186377,-0.25155923909535627,-0.1438450572239168,-0.011635491778495552,-0.05368110325021019,0.018217614196288513,0.023029351640026015
0.98,187.07601064188162,217.78099246474255,-2.706588279068942,1.5095129643375227,1.0,182.93075918668697,220.10706004991928,-2.8681965229361803,1.4188280682292662,0.13270867606833803,0.0012850702208275528,1.5732137216470196e-05,-2.5689632341433533,-0.24848761785242393,-0.14802762032923866,-0.07393943839572584,0.17925871635110588,0.11685823455204905,0.011259238154071191
1.0,187.07601064188162,217.78099246474255,-2.706588279068942,1.5095129643375227,1.0,182.80186619286673,220.18211200923844,-2.873221590921375,1.415902065916629,0.13297019129691476,0.0017457383885750636,0.000755179955091868,-2.568348079104197,-0.25250406797935215,-0.1414995028947559,-0.01599259978608542,-0.010256776450367832,0.020914460042693022,0.03709775315100484
1.02,187.07601064188162,217.78099246474255,-2.706588279068942,1.5095129643375227,1.0,182.675595717533,220.25949510385007,-2.8781444164704473,1.4128851811364493,0.13294962214069347,0.002059664941290422,0.00012628838201839035,-2.5682522921161066,-0.23940824150464407,-0.15818725868646608,-0.014604571257532301,0.008981473579627931,-0.0008081466184654568,-0.006131552846497835
1.04,187.07601064188162,217.78099246474255,-2.706588279068942,1.5095129643375227,1.0,182.55188422173225,220.34035286288483,-2.8829674767355846,1.409732831856342,0.13290190894515022,0.0019208363736995342,0.00014223279641255605,-2.5682320144684154,-0.24007537229064352,-0.15673363192682324,-0.014438738467832186,0.011767271357431644,0.0008982641411160609,-0.005309304321617848
1.06,187.07601064188162,217.78099246474255,-2.706588279068942,1.5095129643375227,1.0,182.42685689383237,220.42026500108932,-2.8878418364977634,1.406617348885407,0.13225424729156815,-5.148763524211052e-05,1.3664354932401654e-05,-2.568029280774395,-0.24449684491646773,-0.16022442494706984,-3.663963174393826e-05,-0.0005903128416116076,0.0034291552016211136,0.010072634126998964
1.08,187.07601064188162,217.78099246474255,-2.706588279068942,1.5095129643375227,1.0,182.2971290037055,220.49864253193994,-2.8928994540465696,1.4035616946612102,0.13265360678880525,0.0012261255976568487,5.2732468043715624e-05,-2.567726798436735,-0.24806917034317547,-0.15329228221814659,-0.013993848136237363,0.009184401163366204,0.021269507638347496,-0.0029648647236851433
1.1,187.07601064188162,217.78099246474255,-2.706588279068942,1.5095129643375227,1.0,182.17172021049507,220.58102668056264,-2.897788685750679,1.4003498370151015,0.1324803469308473,0.0006763275704738722,0.00011963237776673793,-2.5677859801882934,-0.2420119145747997,-0.16235810307163093,-0.01737680812068118,0.0357156096965169,0.011750566520852502,-0.001273488109461254
1.12,187.07601064188162,217.78099246474255,-2.706588279068942,1.5095129643375227,1.0,182.04863689288814,220.66104941153827,-2.902587255637889,1.3972300424351545,0.1326091045703846,0.0010526134551951353,0.00012777284307775004,-2.5675641315879227,-0.2360866977948786,-0.15254742251732883,0.002309599311148863,-0.00984548402596969,-0.02261158738854835,0.004445677467595643
1.14,187.07601064188162,217.78099246474255,-2.706588279068942,1.5095129643375227,1.0,181.92706413743696,220.73717897921554,-2.907326934212984,1.3942620281007592,0.1328338549472578,0.0017252336076455607,0.00013806110848230274,-2.5675215972127883,-0.23460812656101016,-0.14712065689618367,0.002566583950640267,-0.007377618392747353,-0.024559543786212765,-0.008100256056020168
1.16,187.07601064188162,217.78099246474255,-2.706588279068942,1.5095129643375227,1.0,181.80467086238866,220.81209519155715,-2.912098601856192,1.3913413180679486,0.13240880488537993,0.0004367224435423838,5.625704922559845e-05,-2.5674586999739453,-0.24496731584045653,-0.14294490753495195,-0.09093468088285989,0.22033116844778897,0.1366393353379842,0.005747016294282794
1.18,187.07601064188162,217.78099246474255,-2.706588279068942,1.5095129643375227,1.0,181.67858810440347,220.89219163583715,-2.9170141089901187,1.388218649674964,0.13227134112102393,3.960094217300446e-06,-1.714864474318614e-06,-2.567406621671643,-0.24977718862059226,-0.16124308361255565,-5.5364104863738685e-05,-8.571539719060014e-05,9.070267773991932e-05,-0.0009247718462833673
1.2,187.07601064188162,217.78099246474255,-2.706588279068942,1.5095129643375227,1.0,181.54971540588642,220.97550758597495,-2.9220383857354233,1.3849704644844074,0.13227177568222515,1.9983373444639466e-06,-3.372305312266786e-06,-2.5674122684697402,-0.2518254373308678,-0.16287265260437486,2.105586029978923e-05,-5.403898811286586e-05,4.02902260259926e-05,-7.06109995967349e-05
1.22,187.07601064188162,217.78099246474255,-2.706588279068942,1.5095129643375227,1.0,181.41959700995557,221.05776676509043,-2.927111227682045,1.3817634789438418,0.13245047488654194,0.0005316155137413154,0.00033234056134809174,-2.5672413918034436,-0.25195423499489206,-0.16297831982800368,1.7637504040567196e-05,-4.557393713289226e-05,-9.111481269030719e-06,-5.334987516758538e-07
1.24,187.07601064188162,217.78099246474255,-2.706588279068942,1.5095129643375227,1.0,181.28608025465905,221.1351168777831,-2.932316559272552,1.3787478800084554,0.13291030326536768,0.0019994575297234063,0.00013323187919642967,-2.5662704478984173,-0.24904040869102353,-0.16040209996320517,-0.013839327223742634,0.028587550775013418,0.007364615975387507,0.002983456011696994
1.26,187.07601064188162,217.78099246474255,-2.706588279068942,1.5095129643375227,1.0,181.15806793025132,221.21907106352614,-2.9373072931675903,1.3754748123381617,0.13277298830053877,0.0015766362902299056,0.0001692864769519729,-2.566262493809826,-0.24863220601144922,-0.1661176329090951,-0.013295909400407032,0.024948762001978347,0.005049002906363392,0.0011214872366202392
1.28,187.07601064188162,217.78099246474255,-2.706588279068942,1.5095129643375227,1.0,181.0289249217193,221.30348100787012,-2.942342108315037,1.3721839763013588,0.13227005886521725,1.1086734716958963e-05,5.872949934307423e-06,-2.5663224359207644,-0.25215556126649874,-0.16211351397512172,0.0010128306823442702,-0.0026909052495470037,-0.003360167744334733,0.0010965697048249173
1.3,187.07601064188162,217.78099246474255,-2.706588279068942,1.5095129643375227,1.0,180.89951397331438,221.38604190482926,-2.9473873694614268,1.3689652278819016,0.13244249237193967,0.0004552390815712301,-0.00022490013242652948,-2.566275294506451,-0.2550138815804788,-0.15571869977907007,0.012896840322264732,-0.05022061617462824,-0.013359938149912268,-0.00110328558438377
1.32,187.07601064188162,217.78099246474255,-2.706588279068942,1.5095129643375227,1.0,180.77331769864372,221.45875320908155,-2.952307302197125,1.3661304791781066,0.1334666890635904,0.00278176081551866,-0.0012205761970898446,-2.5661005237180006,-0.24138409172491154,-0.12987363348576814,0.05282666537514018,-0.1672114389389609,-0.021676560571686022,-0.011766261253455434
1.34,187.07601064188162,217.78099246474255,-2.706588279068942,1.5095129643375227,1.0,180.65546496841952,221.52204797795537,-2.9569019505489464,1.3636628468633383,0.13482419132423706,0.0061112096099130075,-0.0020229306997439295,-2.5660483303142763,-0.231011685664014,-0.1216814342952821,0.05303241058490436,-0.16731876330131654,-0.0687401902823809,-0.004454610080460608
1.36,187.07601064188162,217.78099246474255,-2.706588279068942,1.5095129643375227,1.0,180.53911997508692,221.58256919613873,-2.9614378177354035,1.3613033451797756,0.13616808637254718,0.009915486514848353,-0.002196174390038483,-2.5659503056940083,-0.23141475213367027,-0.11797044401299607,0.054337292017383076,-0.1733824910901052,-0.10621156777535176,-0.0030131878095633943
1.38,187.07601064188162,217.78099246474255,-2.706588279068942,1.5095129643375227,1.0,180.42164639398823,221.64167812613928,-2.966017684444903,1.3589989034643548,0.13754222016470366,0.014236237455511856,-0.0018124628855979703,-2.5658316241613437,-0.2346461421450485,-0.11573947496812337,0.0561076336417399,-0.18104838641560225,-0.14375359155295384,-0.001906731258090431
1.4,187.07601064188162,217.78099246474255,-2.706588279068942,1.5095129643375227,1.0,180.30221224417588,221.69975278826146,-2.9706739865818377,1.3567347840833732,0.13895679427067684,0.019106434762527304,-0.000868236773568927,-2.5656873812361556,-0.238878756216075,-0.11384215308325675,0.058078645846207956,-0.1895021406397642,-0.1828174134088801,-0.0007445048404025548
1.42,187.07601064188162,217.78099246474255,-2.706588279068942,1.5095129643375227,1.0,180.18039173995388,221.75880753539795,-2.975423323978407,1.3544324547603144,0.14038993028657618,0.023868730693052464,-0.00012431087794466912,-2.565499595505588,-0.23925497012960478,-0.12329114725806828,0.05519546458471333,-0.18356647433059137,-0.10726335920440429,-0.0028428743580105357
1.44,187.07601064188162,217.78099246474255,-2.706588279068942,1.5095129643375227,1.0,180.105189713699,221.7866618121584,-2.978355176853841,1.353346518044508,0.14153713987864733,0.02718207324133928,8.160693927285042e-06,-2.564697200833657,-0.030877324960273997,0.041267174791125655,0.009193918578793302,-0.02958142212982577,-0.002402621411323828,0.10662419904492826
1.46,187.07601064188162,217.78099246474255,-2.706588279068942,1.5095129643375227,1.0,180.0904123221566,221.76378835526685,-2.978931293483174,1.3542382707498306,0.14093995644844617,0.024447182284929772,-0.0016072095004560439,-2.5622763087542713,-0.041701513945562256,0.012229611644865386,-0.026538456421762353,0.022688330805063665,0.1738087390416241,0.1751690232126054
1.48,187.07601064188162,217.78099246474255,-2.706588279068942,1.5095129643375227,1.0,180.08195513715455,221.7489410417903,-2.979261008298068,1.3548171133804956,0.14076548078382722,0.022858222504841423,-0.0029011456211555124,-2.5603585592072027,-0.01259735489138345,0.024850704546907604,-0.014623975329250086,0.0037594079645972313,0.05865852543824772,0.062554661542278
1.5,187.07601064188162,217.78099246474255,-2.706588279068942,1.5095129643375227,1.0,180.07761295105718,221.74164063325836,-2.979430294305763,1.3551017296975298,0.14071224090949913,0.022568082140357798,-0.0030783538431093747,-2.55965520134501,-0.005070285238686933,0.008125655317149434,-0.008884141636052046,-0.013322052938183948,0.013149187506423375,0.01941227925815575
1.52,187.07601064188162,217.78099246474255,-2.706588279068942,1.5095129643375227,1.0,180.07737890710646,221.74143965268553,-2.9794394188262583,1.355109565197445,0.14070806059740218,0.022489673365535697,-0.00314942184671211,-2.559583677265089,0.003608863680214194,-0.001545169280981677,-0.01017547220956438,-0.010958005290597123,0.02472558025982052,-0.00721516293934992
1.54,187.07601064188162,217.78099246474255,-2.706588279068942,1.5095129643375227,1.0,180.0783625874229,221.74300972047837,-2.9794010687164554,1.3550483539774512,0.14067843172240652,0.022125060754174048,-0.0035254152500723474,-2.559522461236108,0.005465868550738462,0.0003096308298309987,-0.011044354033599902,-0.006864855483893179,0.03733609111130278,-0.006834237624015302
1.56,187.07601064188162,217.78099246474255,-2.706588279068942,1.5095129643375227,1.0,180.07944874377745,221.74467577043285,-2.979358723439476,1.3549834007628512,0.140644784479927,0.021701521373035416,-0.003952760447482655,-2.5594463021511236,0.0051842074361759735,-3.936131031838201e-05,-0.01089981283276108,-0.007659657168501976,0.03517546071228928,-0.006996777227936874
1.58,187.07601064188162,217.78099246474255,-2.706588279068942,1.5095129643375227,1.0,180.08041015381775,221.74609945662465,-2.9793212415665593,1.3549278964278881,0.14061564936683985,0.021329478118165754,-0.004327628511650224,-2.5593789521934815,0.004905951277255572,1.4400216475290734e-05,-0.010538017148066705,-0.008670789025036468,0.03302492845182253,-0.006526863479404447
1.6,187.07601064188162,217.78099246474255,-2.706588279068942,1.5095129643375227,1.0,180.08129032728573,221.74741004605255,-2.979286926811473,1.3548768013234873,0.1405881783529309,0.020974462721259298,-0.004686265205735306,-2.5593176238943287,0.005340920648564734,0.00040241275157826923,-0.010417147712784732,-0.008488439462939621,0.03463947768460026,-0.006499623893433016
1.62,187.07601064188162,217.78099246474255,-2.706588279068942,1.5095129643375227,1.0,180.08211276300375,221.74869500844702,-2.97925486304079,1.3548267053237033,0.14056160051404784,0.02061468112473319,-0.005058848578879453,-2.5592715164168887,0.005028189100946404,0.00019499951544742374,-0.010525191095970051,-0.008156361404158981,0.03394436850761345,-0.006415888244941849
1.64,187.07601064188162,217.78099246474255,-2.706588279068942,1.5095129643375227,1.0,180.08292479125416,221.74994765933576,-2.9792232050193315,1.3547778690317445,0.14053548051690273,0.020248643305562055,-0.00544232465306788,-2.5592360135876433,0.0050830969743482935,0.00020945918779671693,-0.01060874009624246,-0.007863512182626532,0.0344996215299639,-0.006471700931323158
1.66,187.07601064188162,217.78099246474255,-2.706588279068942,1.5095129643375227,1.0,180.08372326896819,221.75117108341473,-2.9791920752838923,1.3547301721865603,0.1405097739106432,0.019880219217661265,-0.005830521632745158,-2.5592079332233806,0.005150208536961302,0.0003224018545086853,-0.010622669842877954,-0.007693606640909392,0.035004647154285924,-0.006387520256166273
1.68,187.07601064188162,217.78099246474255,-2.706588279068942,1.5095129643375227,1.0,180.08449905291542,221.7523598923259,-2.9791618302956957,1.3546838248605877,0.1404846307675578,0.01951344379610238,-0.006218859898806653,-2.559185719685725,0.005218110950516587,0.0004413786962658724,-0.010627009233270243,-0.0075460400819394174,0.035484483950962376,-0.006294502689393713
1.7,187.07601064188162,217.78099246474255,-2.706588279068942,1.5095129643375227,1.0,180.08525375938115,221.75352449116284,-2.9791324070416705,1.3546384213971607,0.14045973052077193,0.019146850144138985,-0.006607259039984532,-2.5591677919943887,0.005276015928556408,0.000548854523183768,-0.010640885409804344,-0.0074980397447032224,0.03587968103744471,-0.0062052312916301144
1.72,187.07601064188162,217.78099246474255,-2.706588279068942,1.5095129643375227,1.0,180.0859983365634,221.75467800611932,-2.9791033786914856,1.354593450053828,0.14043497148726578,0.01877915035253457,-0.006998871773275329,-2.5591521385201546,0.0053141814799262475,0.0005900124554207762,-0.010702129329402996,-0.007294225586798665,0.03632484771526587,-0.006195796798621259
1.74,187.07601064188162,217.78099246474255,-2.706588279068942,1.5095129643375227,1.0,180.08674314035576,221.7558321536131,-2.979074341506598,1.3545484540501715,0.14040999149915195,0.01840571165363368,-0.007397436642547013,-2.5591397053974707,0.005355520473504061,0.0006204318122394719,-0.010786623825098846,-0.006975666158567709,0.03688822745216008,-0.0062090257944744445
1.76,187.07601064188162,217.78099246474255,-2.706588279068942,1.5095129643375227,1.0,180.08748788888875,221.75698581595483,-2.9790453064760722,1.3545034769608264,0.14038481944432368,0.01802613264098935,-0.007803459835314447,-2.5591305438804035,0.00539610866891972,0.0006519862038658819,-0.01086982368446776,-0.0066639644840768165,0.03744402637977617,-0.006219457404860535
1.78,187.07601064188162,217.78099246474255,-2.706588279068942,1.5095129643375227,1.0,180.08823314752578,221.75813960042788,-2.979016251558448,1.3544584951100243,0.1403594582653162,0.017640518368409446,-0.008216815285126801,-2.5591245210092524,0.005437925281201339,0.0006801227941707565,-0.01095436359762144,-0.006348958369631239,0.038002696436606004,-0.006236962448537416
1.8,187.07601064188162,217.78099246474255,-2.706588279068942,1.5095129643375227,1.0,180.0889811814193,221.75929721076986,-2.978987088443691,1.3544133641025387,0.1403338492896628,0.017248298297985652,-0.008638021823558406,-2.5591216451465733,0.005483369032129306,0.0007087251861280338,-0.011044794922621306,-0.005989503905801736,0.03861368126822327,-0.00625918576094431
1.82,187.07601064188162,217.78099246474255,-2.706588279068942,1.5095129643375227,1.0,180.08973114894093,221.76045622873002,-2.978957849943823,1.3543681782171546,0.14030803892377403,0.01684996604503871,-0.009066609618648403,-2.5591213428927273,0.005523806835322874,0.0007376920209701341,-0.011127023139972636,-0.00568074486098257,0.039160411740707946,-0.006273576078696282
1.84,187.07601064188162,217.78099246474255,-2.706588279068942,1.5095129643375227,1.0,180.0904841746201,221.76161840351537,-2.9789284922175407,1.3543228692586595,0.1402820024562724,0.016445769196140617,-0.00950217488561594,-2.559123476762861,0.005564401687248094,0.0007655012468931109,-0.011209422420764883,-0.005375349952788265,0.039703893322559226,-0.006290001970612157
1.86,187.07601064188162,217.78099246474255,-2.706588279068942,1.5095129643375227,1.0,180.09124096916773,221.7627845066661,-2.9788989875568137,1.3542774071475212,0.14025573066199248,0.016035794485124048,-0.009944566826699548,-2.559127822279862,0.005604502584895061,0.0007927699996602032,-0.011291430866808963,-0.005075509071508376,0.04024070438945558,-0.0063066046611498965
1.88,187.07601064188162,217.78099246474255,-2.706588279068942,1.5095129643375227,1.0,180.08957827265488,221.76580497551623,-2.9789638100329485,1.3541596500773412,0.14024308779466815,0.01564974325104656,-0.010448795332875616,-2.5591159436237136,-0.02438706527913312,-0.019526229581401745,-0.007849752771404636,-0.017630170682762125,0.04071799129890895,-0.0033027644754442653
1.9,187.07601064188162,217.78099246474255,-2.706588279068942,1.5095129643375227,1.0,180.04642636055962,221.79334028116705,-2.9806461457871487,1.3530861488823753,0.1406751112783136,0.015875516425922446,-0.011868764204878922,-2.5591057357085765,-0.13720259828713516,-0.0837246834451242,0.022600316233183242,-0.0893558405683999,0.07095929993226605,-0.007465291420681345
1.92,187.07601064188162,217.78099246474255,-2.706588279068942,1.5095129643375227,1.0,179.96221899395647,221.84438677928563,-2.9839290840562787,1.3510960319966607,0.14156224553182645,0.016909443508767125,-0.013970366646311981,-2.5590936757601153,-0.1869218591542818,-0.1108326050282726,0.03536614873154994,-0.12185778002817049,0.059063335346060925,-0.0075113938596351746
1.95,187.07601064188162,217.78099246474255,-2.706588279068942,1.5095129643375227,1.0,179.86323294182574,221.90254864500906,-2.987788189402504,1.3488285128651438,0.14263025682728514,0.018589372525106222,-0.01591428288591268,-2.5590758985950393,-0.20378910043079032,-0.1171083905820667,0.04049884021967413,-0.13688948761824027,0.027756829200083964,-0.006945264563277674
1.98,187.07601064188162,217.78099246474255,-2.706588279068942,1.5095129643375227,1.0,179.84348044591485,221.89188238028012,-2.9885582672157947,1.3492443516460002,0.14265525697419723,0.018173416342661616,-0.016476873217351494,-2.557527458082148,-0.028426752526786607,0.02532601796481884,-0.034492565716462295,0.03614792795892546,0.1430184438424822,0.10682179060848067
2.0,187.07601064188162,217.78099246474255,-2.706588279068942,1.5095129643375227,1.0,179.8372384784746,221.88300875146783,-2.9888016187729205,1.349590302087025,0.1425113227332237,0.016914586781284623,-0.01764496670246756,-2.5560581701568643,-0.010887165566867817,0.010734899944032523,-0.01592372596108225,0.0027965115152716533,0.0751177583909205,0.05554934649491394
2.02,187.07601064188162,217.78099246474255,-2.706588279068942,1.5095129643375227,1.0,179.83661827391583,221.88186102498548,-2.9888257982878823,1.3496350477588508,0.14244648666534365,0.016289840520903348,-0.01819675260667536,-2.5556638621431285,0.004635827438485081,-0.002601234706590445,-0.013713318524254434,-0.01361462880842362,0.03316825848447662,-0.009536971839830492
2.04,187.07601064188162,217.78099246474255,-2.706588279068942,1.5095129643375227,1.0,179.83776070007605,221.8839709127626,-2.9887812592562946,1.3495527909254346,0.1424121743055758,0.01582827524769964,-0.01867769504831009,-2.5556793754745315,0.0035708791479202293,-0.0014134453636969028,-0.014129388933604336,-0.0031450671707662133,0.045016666269722595,-0.003962578715304285
2.06,187.07601064188162,217.78099246474255,-2.706588279068942,1.5095129643375227,1.0,179.83866318214564,221.88538474825546,-2.988746074770151,1.349497670633316,0.1423798029134627,0.015297355999172705,-0.01925587748895904,-2.555699973980388,0.003533214834415066,-0.0015163339357365732,-0.014127455316840645,-0.003169073680258004,0.04479945188816267,-0.004042539144090487
2.08,187.07601064188162,217.78099246474255,-2.706588279068942,1.5095129643375227,1.0,179.83957390148066,221.88681238213962,-2.9887105691430533,1.3494420123922175,0.14234727312990372,0.014764684332618475,-0.01983639299699109,-2.5557222706673755,0.0035577488393450265,-0.0014965587552963342,-0.014168721934648043,-0.0030190734158863594,0.04504648139833956,-0.004078704047455005
2.1,187.07601064188162,217.78099246474255,-2.706588279068942,1.5095129643375227,1.0,179.84049189686976,221.88824554529594,-2.9886747798491324,1.3493861385849535,0.14231453211660983,0.014228997425591364,-0.020420235365079514,-2.555744549592489,0.0035864776666417477,-0.0014766158307955982,-0.01420974546561525,-0.0028797656248039723,0.04530560070589845,-0.004113892333465681
2.12,187.07601064188162,217.78099246474255,-2.706588279068942,1.5095129643375227,1.0,179.8414182189877,221.8896857245294,-2.988638665926405,1.3493299912464172,0.14228154574360252,0.013690125605581386,-0.0210074611842348,-2.5557666252279487,0.0036170001409334073,-0.0014562091442412758,-0.014250397705160577,-0.0027431329675301967,0.04556931214681152,-0.004149203976661312
2.14,187.07601064188162,217.78099246474255,-2.706588279068942,1.5095129643375227,1.0,179.84235313097645,221.89113314404173,-2.9886022171159277,1.3492735616357998,0.1422483054219457,0.013148045374989549,-0.02159805716908366,-2.5557884224922915,0.0036477357892848897,-0.0014359821163704985,-0.014290117692142862,-0.00261005510215065,0.045830188181319724,-0.004183969985164438
2.16,187.07601064188162,217.78099246474255,-2.706588279068942,1.5095129643375227,1.0,179.81088220139736,221.9128212843195,-2.9898291539416233,1.348428020104503,0.14253850664471654,0.013063124777408236,-0.02290535853131793,-2.555773847519583,-0.12241219112967834,-0.07698655751743926,0.015712318962681104,-0.07748451372455475,0.08245971889710021,-0.008676847326462006
2.18,187.07601064188162,217.78099246474255,-2.706588279068942,1.5095129643375227,1.0,179.73185557688228,221.96213326038003,-2.9929101139617043,1.3465055259111112,0.14336558560837465,0.01378323791441649,-0.025168557229377084,-2.555765374808918,-0.18004031967327727,-0.10964361045595544,0.031836409029632855,-0.11515881771059311,0.07738400362258455,-0.008276918990405826
2.2,187.07601064188162,217.78099246474255,-2.706588279068942,1.5095129643375227,1.0,179.7190641782231,221.96119162966303,-2.993408803967909,1.3465422366603108,0.1434556114028781,0.013821166686725079,-0.02543375934299668,-2.555175990642088,-0.003932333679971614,0.006023035755516609,-0.013569061619476021,-0.01395299364245934,0.023890955053939258,0.014518661512521076
2.22,187.07601064188162,217.78099246474255,-2.706588279068942,1.5095129643375227,1.0,179.71971876917306,221.96250240378788,-2.9933832838529013,1.3464911343552495,0.1434391815732141,0.01362039219152128,-0.02562831296035824,-2.555202768415405,0.005559433918665155,0.0012425919843843058,-0.014436942493382572,-0.0036856781633593768,0.05013736561825044,-0.006141932813647506
2.24,187.07601064188162,217.78099246474255,-2.706588279068942,1.5095129643375227,1.0,179.72062129028234,221.9639209139087,-2.993348097844743,1.3464358318164247,0.1434063902190807,0.013097813177795384,-0.02620043354785252,-2.5552344584535907,0.005531313728813846,0.0012155935636913638,-0.01500820093541754,-0.0016454578289923534,0.05263348057457708,-0.006235715650194192
2.26,187.07601064188162,217.78099246474255,-2.706588279068942,1.5095129643375227,1.0,179.72154084085312,221.96538498786367,-2.9933122479199565,1.3463787529097977,0.14337384268914244,0.012563580342111073,-0.026783933745776024,-2.555254545532894,0.005542167067977101,0.0011907027802955659,-0.015086434771134895,-0.0013967724935302385,0.052962800465391036,-0.0063023928967841985
2.28,187.07601064188162,217.78099246474255,-2.706588279068942,1.5095129643375227,1.0,179.72247413273794,221.96685772836994,-2.9932758622714255,1.3463213361259276,0.1433409192234642,0.012025525707012971,-0.027370144625242503,-2.555272719051879,0.005543961904048654,0.0011830529440816683,-0.015104691270027977,-0.0013375349345385434,0.05303666170529059,-0.0063216364298846455
2.3,187.07601064188162,217.78099246474255,-2.706588279068942,1.5095129643375227,1.0,179.72341449610047,221.96833391723874,-2.993239200931755,1.3462637849029728,0.14330779211375794,0.011485781622158742,-0.027957768957425036,-2.55529015020057,0.00554536672828788,0.001176307263619151,-0.015116264847850135,-0.0012929731060443012,0.05308594894313434,-0.006338244224120179
2.32,187.07601064188162,217.78099246474255,-2.706588279068942,1.5095129643375227,1.0,179.70262530625067,221.9842688576982,-2.9940496956627416,1.3456425396608909,0.14313567157730792,0.010462524426947187,-0.02846641210378224,-2.555087616139215,-0.07187617498601727,-0.05173957505483351,-0.058173580492725044,0.13070290973720003,0.04744151908378716,0.028782136623605205
2.34,187.07601064188162,217.78099246474255,-2.706588279068942,1.5095129643375227,1.0,179.6948651164047,221.98779086791197,-2.994352237177205,1.3455052293211704,0.14313741177173234,0.00750762694481909,-0.03279560428232861,-2.5542878779802543,-0.07276545041882879,-0.05026350945586837,-0.014513735635182955,0.008390251609224852,0.30729396162166456,-0.066531001125294
2.36,187.07601064188162,217.78099246474255,-2.706588279068942,1.5095129643375227,1.0,179.65133522132396,222.01960399900324,-2.9960493091101768,1.3442649513059157,0.1411629251956779,0.00011684660799277506,-0.03454096951648176,-2.5545133240719724,-0.0935630634674127,-0.07079076098744416,-0.17925218208563762,0.42675576313167907,0.25728896703360055,0.01569660575416539
2.38,187.07601064188162,217.78099246474255,-2.706588279068942,1.5095129643375227,1.0,179.64506506276354,222.02650266751203,-2.9962937597363153,1.3439959973679505,0.14072169029659157,1.450001573417763e-05,-0.032950839235015725,-2.554312478903627,4.4999803503601024e-05,-0.00012905665414769294,-0.0008722571823153702,-0.0055525047385313,-0.0012092647751406102,-9.554116297252901e-05
2.4,187.07601064188162,217.78099246474255,-2.706588279068942,1.5095129643375227,1.0,179.64507595105613,222.026525793799,-2.996293335241477,1.343995095758324,0.1407215503569023,1.5295145897945176e-05,-0.032951170227473514,-2.5543144542836322,-7.974501604063779e-05,8.379763874458661e-05,-0.0008240251464408093,-0.00519368350687157,-0.0011111168789585213,0.0003959109174409423
2.42,187.07601064188162,217.78099246474255,-2.706588279068942,1.5095129643375227,1.0,179.6450734767274,222.02652638766023,-2.996293431706535,1.3439950726058385,0.14072141743909677,1.5531799811552163e-05,-0.03295146093060693,-2.5543143473595666,-7.976352096996872e-05,8.109389791996995e-05,-0.0008368326845066931,-0.0052719309266871265,-0.00113004604634088,0.00039407742964410616
2.44,187.07601064188162,217.78099246474255,-2.706588279068942,1.5095129643375227,1.0,179.6450700125812,222.0265253483843,-2.9962935667609667,1.3439951131234198,0.14072124208975578,1.487512167119137e-05,-0.03295179145688438,-2.554314089159132,-7.165391424172337e-05,6.527519408987102e-05,-0.0008475983559512842,-0.005462525035111115,-0.0012197607976535967,0.00036505821853709296
2.46,187.07601064188162,217.78099246474255,-2.706588279068942,1.5095129643375227,1.0,179.64506769198303,222.02652627493396,-2.996293657232631,1.3439950770006261,0.14072109973405786,1.4975710412277948e-05,-0.032952090782014665,-2.554314010079216,-8.239120102621915e-05,8.278612037822708e-05,-0.0008632530536224509,-0.005547482254978611,-0.0012321076242776498,0.0004094867974818213
2.48,187.07601064188162,217.78099246474255,-2.706588279068942,1.5095129643375227,1.0,179.64506462420155,222.026526032287,-2.996293776834248,1.3439950864605474,0.14072095646469543,1.5153298096789288e-05,-0.032952396084304815,-2.5543138195617328,-9.0189516053107e-05,9.532530631008016e-05,-0.0008831188539252879,-0.005631872301402331,-0.0012337332338259864,0.0004418816456671498
2.5,187.07601064188162,217.78099246474255,-2.706588279068942,1.5095129643375227,1.0,179.64506156355196,222.02652589155363,-2.9962938961578174,1.343995091947227,0.140720810155149,1.5312182809700434e-05,-0.03295270681383912,-2.5543136351426585,-9.811476978912643e-05,0.00010825166568359399,-0.0009030112522325571,-0.0057094900338995344,-0.0012310389962824477,0.00047477608317977686
2.52,187.07601064188162,217.78099246474255,-2.706588279068942,1.5095129643375227,1.0,179.64505854289976,222.02652590490587,-2.9962940139220366,1.3439950914266723,0.14072066109857562,1.5436354429909652e-05,-0.03295302153967742,-2.5543134617439125,-0.00010730501079967767,0.00012329844921349088,-0.0009233380153496529,-0.005760621008059187,-0.0012116773649395842,0.0005116834487002321
2.54,187.07601064188162,217.78099246474255,-2.706588279068942,1.5095129643375227,1.0,179.64505560547133,222.0265261556857,-2.9962941284416633,1.3439950816496804,0.14072050298845767,1.5516859306174253e-05,-0.032953352552260555,-2.5543133068005344,-0.00012076966033729982,0.000144651456139814,-0.0009565101683172305,-0.0057904163308719475,-0.0011492469355446058,0.0005628427227535679
2.56,187.07601064188162,217.78099246474255,-2.706588279068942,1.5095129643375227,1.0,179.64505208777442,222.0265255861112,-2.9962942655838436,1.343995103855314,0.14072031413156388,1.5745684642499312e-05,-0.03295375359160142,-2.554313070737509,-0.00012762187092794195,0.00015361392752074687,-0.0010126035692416087,-0.005996530450894414,-0.0011367875104551885,0.0005911991793847478
2.58,187.07601064188162,217.78099246474255,-2.706588279068942,1.5095129643375227,1.0,179.64504893777362,222.02652573810568,-2.9962943883908912,1.3439950979296038,0.14072012279777374,1.5929155229740767e-05,-0.03295415762275699,-2.5543128976149614,-0.00012871158296928162,0.00015247323273368587,-0.0010637879089883723,-0.006229414608554055,-0.0011528175029554167,0.0005971568688424927
2.6,187.07601064188162,217.78099246474255,-2.706588279068942,1.5095129643375227,1.0,179.64504587915388,222.0265261455756,-2.9962945076353265,1.3439950820438356,0.14071992867707375,1.6073056029232235e-05,-0.03295456549801868,-2.554312744372391,-0.00012965044632757847,0.00015110618092512582,-0.0011136622808346059,-0.0064527845677834345,-0.0011663947672460888,0.0006022597057780563
2.62,187.07601064188162,217.78099246474255,-2.706588279068942,1.5095129643375227,1.0,179.64504292094065,222.0265268219527,-2.9962946229652765,1.3439950556743583,0.14071973179091718,1.617361194823103e-05,-0.03295497696664161,-2.5543126123180784,-0.00013041550019486322,0.00014948025399426622,-0.001162103407925209,-0.006666122062709913,-0.0011775055568135824,0.0006064121622322697
2.64,187.07601064188162,217.78099246474255,-2.706588279068942,1.5095129643375227,1.0,179.6450400722068,222.02652778149042,-2.9962947340270256,1.3439950182654818,0.1407195320822629,1.622751810914947e-05,-0.032955391959818794,-2.5543125028148657,-0.0001310123309181009,0.0001476100692498023,-0.0012090291896663346,-0.006869052166450299,-0.0011861206959050286,0.0006096346061159068
2.66,187.07601064188162,217.78099246474255,-2.706588279068942,1.5095129643375227,1.0,179.645038064432,222.02653031433914,-2.9962948123028457,1.3439949195189422,0.1407193039006276,1.602619807481983e-05,-0.032955851670646893,-2.5543125335974954,-0.000127120348532277,0.00013633932545047313,-0.0012874505352951549,-0.006934138115737071,-0.0010379166701665807,0.0005851259963918617
2.68,187.07601064188162,217.78099246474255,-2.706588279068942,1.5095129643375227,1.0,179.64503671316226,222.02653410280314,-2.9962948649839274,1.3439947718205407,0.14071906257138345,1.5677352833783633e-05,-0.03295633049055764,-2.554312675445065,-0.00012473605921703023,0.0001274065173600992,-0.001370720893868317,-0.006961023439748417,-0.0008553470521802264,0.0005646081692157642
2.71,187.07601064188162,217.78099246474255,-2.706588279068942,1.5095129643375227,1.0,179.6450355405585,222.02653834033308,-2.9962949106994743,1.3439946066146953,0.1407188138620753,1.5250646693593065e-05,-0.03295682034812633,-2.5543128537914326,-0.0001223065735884098,0.00011843344138564129,-0.0014543321785721553,-0.006972839365748649,-0.0006629188393699246,0.000543369962441049
2.73,187.07601064188162,217.78099246474255,-2.706588279068942,1.5095129643375227,1.0,179.64503454602234,222.02654303411694,-2.996294949472813,1.3439944236211725,0.14071855750530285,1.4743516409017906e-05,-0.032957321682023526,-2.5543130690620632,-0.00011985355595153227,0.00010945164488681148,-0.001538154143572309,-0.006969952358898826,-0.0004611796936451006,0.0005215111392437477
2.75,187.07601064188162,217.78099246474255,-2.706588279068942,1.5095129643375227,1.0,179.64503372462428,222.0265481850542,-2.9962949814961295,1.3439942228049053,0.14071829327585214,1.4154485830563004e-05,-0.032957834871120285,-2.554313321069582,-0.00011740525673703212,0.0001005248594581018,-0.0016220562577742284,-0.006953081052799223,-0.0002508527744669564,0.0004992040152685249
2.77,187.07601064188162,217.78099246474255,-2.706588279068942,1.5095129643375227,1.0,179.6450330685831,222.02655378963593,-2.996295007072783,1.3439940043026946,0.14071802101755432,1.3482879159882341e-05,-0.03295836019883873,-2.554313609205531,-0.0001149893184256611,9.171599702993704e-05,-0.0017058930398457122,-0.006923099786970194,-3.279059384846385e-05,0.0004766255491549502
2.79,187.07601064188162,217.78099246474255,-2.706588279068942,1.5095129643375227,1.0,179.64503257171512,222.02655984940486,-2.9962950264438546,1.3439937680543903,0.14071773955955247,1.2724975503955038e-05,-0.03295889985110416,-2.5543139332626916,-0.00011248734740167388,8.252992737216335e-05,-0.0017950404008525247,-0.006869402084229154,0.00021212311677308175,0.0004521539119037406
2.82,187.07601064188162,217.78099246474255,-2.706588279068942,1.5095129643375227,1.0,179.64503388765408,222.02656939522114,-2.9962949751401915,1.3439933958978125,0.1407173549311147,1.1347038852317754e-05,-0.03295961622175446,-2.55431456666208,-0.00010514047932418368,6.0755845659916723e-05,-0.0019703013137859753,-0.0065804538971928755,0.0008027307701256591,0.00038789674182441753
2.84,187.07601064188162,217.78099246474255,-2.706588279068942,1.5095129643375227,1.0,179.64503590348104,222.0265804527177,-2.9962948965504475,1.3439929648063274,0.14071695057062591,9.796556401085774e-06,-0.03296036373920777,-2.554315329295701,-0.00010200043246630521,4.632540525606135e-05,-0.002147387617632667,-0.00627581104384163,0.0014075996299417496,0.0003401472950369282
2.86,187.07601064188162,217.78099246474255,-2.706588279068942,1.5095129643375227,1.0,179.64503797872143,222.02659193826543,-2.9962948156443883,1.3439925170266878,0.14071653587994787,8.161112564527596e-06,-0.03296112803687987,-2.554316121038944,-9.927695864433503e-05,3.284987629788424e-05,-0.002323533217484034,-0.00596687357285791,0.0020131016627823505,0.00029433907005868657
2.88,187.07601064188162,217.78099246474255,-2.706588279068942,1.5095129643375227,1.0,179.64504005195195,222.0266037554709,-2.9962947348166886,1.343992056316925,0.1407161135958443,6.459235879443842e-06,-0.03296190457281641,-2.554316932742659,-9.703435410796056e-05,2.0482544978842488e-05,-0.0024976340606759216,-0.005658015248970357,0.0026139770342208744,0.0002510245701161799
2.9,187.07601064188162,217.78099246474255,-2.706588279068942,1.5095129643375227,1.0,179.64504204853674,222.02661578101748,-2.9962946569771263,1.3439915874846982,0.14071568703265191,4.714055871430182e-06,-0.032962687872334355,-2.5543177529075827,-9.528992879813378e-05,9.294052418102271e-06,-0.0026685278337117988,-0.005353933928652065,0.0032046234106626603,0.0002105786865602022
2.92,187.07601064188162,217.78099246474255,-2.706588279068942,1.5095129643375227,1.0,179.64504388619144,222.02662787925138,-2.9962945853336667,1.343991115818661,0.14071525989870345,2.950144490327882e-06,-0.03296347159889674,-2.554318568865425,-9.398492272140777e-05,-7.025108224486794e-07,-0.002835049570303295,-0.005059318507127286,0.0037795525772380723,0.00017318177917841478
2.94,187.07601064188162,217.78099246474255,-2.706588279068942,1.5095129643375227,1.0,179.64504549064213,222.02663992027834,-2.996294522781983,1.343990646382911,0.14071483610870453,1.193731754337569e-06,-0.032964249294537076,-2.554319368715501,-9.31258476519643e-05,-9.507945309880248e-06,-0.002996103560006487,-0.004778338719502546,0.004333553873059754,0.00013905928819342813
2.96,187.07601064188162,217.78099246474255,-2.706588279068942,1.5095129643375227,1.0,179.64504678589842,222.02665177126332,-2.9962944722846623,1.3439901843562068,0.14071441961845405,-5.299025589362566e-07,-0.03296501420034052,-2.5543201402832025,-9.262954018411654e-05,-1.718695083282836e-05,-0.0031506786559304775,-0.004514817875944382,0.004861974375801622,0.00010819594256055714
2.99,187.07601064188162,217.78099246474255,-2.706588279068942,1.5095129643375227,1.0,179.64504770909033,222.02666332027366,-2.9962944362927755,1.3439897341023923,0.14071401427140076,-2.1964640909760657e-06,-0.03296575970583642,-2.554320873359443,-9.24434530654007e-05,-2.3758840431422886e-05,-0.0032979124038980505,-0.004271877945734564,0.005360935980327884,8.06544973725936e-05
3.01,187.07601064188162,217.78099246474255,-2.706588279068942,1.5095129643375227,1.0,179.64504820692585,222.0266744713261,-2.996294416883982,1.3439892993635059,0.14071362359645395,-3.784222900977728e-06,-0.03296647978683045,-2.5543215592073087,-9.253391038716166e-05,-2.9253929929701276e-05,-0.0034371242229793903,-0.004051937195613269,0.005827359224413369,5.647015356096483e-05
3.03,187.07601064188162,217.78099246474255,-2.706588279068942,1.5095129643375227,1.0,179.64504823981005,222.02668514508466,-2.9962944156019473,1.3439888832325677,0.14071325050846958,-5.275267947208806e-06,-0.03296716953747259,-2.5543221908416687,-9.284903701799684e-05,-3.380682951522498e-05,-0.003567826138648742,-0.0038563049500143754,0.006259180175568674,3.543847134247886e-05
3.05,187.07601064188162,217.78099246474255,-2.706588279068942,1.5095129643375227,1.0,179.6450477781983,222.02669529795378,-2.996294433598508,1.34398848740921,0.14071289763763203,-6.655761450128507e-06,-0.032967823931231294,-2.5543227639730337,-9.328226540564785e-05,-3.734550279136002e-05,-0.003689723288158628,-0.003686116099116691,0.006655405102057315,1.7583292314080904e-05
3.07,187.07601064188162,217.78099246474255,-2.706588279068942,1.5095129643375227,1.0,179.6450468019955,222.02670489252856,-2.996294471657095,1.3439881133517126,0.14071256660317286,-7.916874553636742e-06,-0.03296844026145033,-2.5543232751933016,-9.378646148850561e-05,-4.0038673959753564e-05,-0.003802719525758537,-0.003541162256605787,0.00701577348349958,2.5749359181065133e-06
3.09,187.07601064188162,217.78099246474255,-2.706588279068942,1.5095129643375227,1.0,179.64504530439663,222.02671390549907,-2.996294530043017,1.3439877619688465,0.1407122582976345,-9.054532488230658e-06,-0.03296901729089579,-2.5543237226698263,-9.431757215696591e-05,-4.216658964922103e-05,-0.00390691105275308,-0.003420415876930058,0.0073407972041766995,-1.0126664217482437e-05
3.11,187.07601064188162,217.78099246474255,-2.706588279068942,1.5095129643375227,1.0,179.64504329222183,222.02672234638223,-2.9962946084903765,1.3439874328895827,0.14071197320011197,-1.0068682068779715e-05,-0.032969553753449475,-2.554324107313005,-9.477593304685848e-05,-4.3754882352348346e-05,-0.004002502824321374,-0.0033227895254837234,0.007631862153073468,-2.075129581115379e-05
3.14,187.07601064188162,217.78099246474255,-2.706588279068942,1.5095129643375227,1.0,179.64504078681705,222.02673023673972,-2.996294706166976,1.3439871252733049,0.14071171107167185,-1.0961708880984688e-05,-0.032970050249794935,-2.5543244315468194,-9.517444472233503e-05,-4.4972096081199965e-05,-0.004089851933886774,-0.0032462557949131535,0.007890746137583097,-2.9639149166066982e-05
3.16,187.07601064188162,217.78099246474255,-2.706588279068942,1.5095129643375227,1.0,179.64503780768274,222.02673760724895,-2.9962948223125645,1.3439868379240165,0.14071147142806972,-1.1739537328209109e-05,-0.032970507366420515,-2.5543246982487298,-9.543863079281223e-05,-4.590079863593281e-05,-0.004169392976938812,-0.003189108723255905,0.008119609068355422,-3.7109460731545465e-05
3.19,187.07601064188162,217.78099246474255,-2.706588279068942,1.5095129643375227,1.0,179.64503438816615,222.0267445097738,-2.99629495562705,1.343986568819736,0.1407112533336668,-1.2409700077367353e-05,-0.03297092647632817,-2.554324912339231,-9.555673707925408e-05,-4.653675665735864e-05,-0.004241608599643922,-0.00314915418528728,0.008320988927048573,-4.3281398567940256e-05
3.21,187.07601064188162,217.78099246474255,-2.706588279068942,1.5095129643375227,1.0,179.6450305499682,222.02675099182292,-2.9962951052643985,1.3439863161082681,0.14071105573576742,-1.2981660558673237e-05,-0.03297130899789781,-2.554325077829444,-9.54198620515313e-05,-4.695909825944792e-05,-0.0043070316908891725,-0.0031245185759089986,0.00849748918120291,-4.8528065510354615e-05
3.23,187.07601064188162,217.78099246474255,-2.706588279068942,1.5095129643375227,1.0,179.64502631782182,222.0267571076291,-2.996295270260358,1.3439860776752783,0.1407108773312836,-1.3465369043777898e-05,-0.03297165700827917,-2.5543251992958083,-9.500087547102307e-05,-4.720028628986048e-05,-0.004366193403227825,-0.0031132153709477004,0.00865162716419276,-5.304145578683447e-05
3.25,187.07601064188162,217.78099246474255,-2.706588279068942,1.5095129643375227,1.0,179.6450217283386,222.02676291906025,-2.99629544918758,1.3439858511087626,0.140710716620504,-1.3869940700270457e-05,-0.03297197342851308,-2.5543252824236724,-9.440716732339317e-05,-4.730975495939902e-05,-0.004419647898067565,-0.0031128615310606913,0.008785814700998854,-5.68705427610191e-05
3.27,187.07601064188162,217.78099246474255,-2.706588279068942,1.5095129643375227,1.0,179.64501680297914,222.02676847223623,-2.9962956412093895,1.3439856346106736,0.14071057216407196,-1.4205970597552232e-05,-0.03297226048179635,-2.5543253311412513,-9.35583174915273e-05,-4.7364860249329794e-05,-0.004467897732905518,-0.0031217155572791917,0.008902426173774887,-6.033971701400697e-05
3.29,187.07601064188162,217.78099246474255,-2.706588279068942,1.5095129643375227,1.0,179.6450115683533,222.0267738173833,-2.996295845288371,1.343985426222874,0.14071044250512874,-1.4482798874196575e-05,-0.03297252064795531,-2.5543253499060494,-9.245505352115899e-05,-4.738518430901756e-05,-0.004511418777122606,-0.0031380407275271426,0.009003638030007304,-6.35700490163117e-05
3.31,187.07601064188162,217.78099246474255,-2.706588279068942,1.5095129643375227,1.0,179.64500605733997,222.02677900771678,-2.996296060142691,1.3439852238706909,0.14071032628074318,-1.4707979183696667e-05,-0.032972756589743024,-2.5543253436955453,-9.121374070909642e-05,-4.736471413344326e-05,-0.004550687555472151,-0.003160092605208046,0.009091356426406428,-6.648351927768303e-05
3.33,187.07601064188162,217.78099246474255,-2.706588279068942,1.5095129643375227,1.0,179.64500029153461,222.02678408174648,-2.996296284930424,1.3439850260527693,0.14071022223518848,-1.4889483148274678e-05,-0.03297297042775433,-2.554325316000315,-8.981919845072161e-05,-4.733111596828696e-05,-0.004586122982472989,-0.003186607970495639,0.00916736613411518,-6.921457322144014e-05
3.35,187.07601064188162,217.78099246474255,-2.706588279068942,1.5095129643375227,1.0,179.64499428925836,222.026789074024,-2.996296518937296,1.343984831422066,0.140710129134888,-1.5034721653799734e-05,-0.0329731641135777,-2.5543252699033903,-8.824863040904688e-05,-4.727470521833106e-05,-0.004618086060112806,-0.0032165125062741727,0.009233278245631733,-7.183990839995462e-05
3.37,187.07601064188162,217.78099246474255,-2.706588279068942,1.5095129643375227,1.0,179.64498807300023,222.0267940206361,-2.996296761286541,1.3439846385716918,0.140710045906002,-1.5149271525967841e-05,-0.0329733397383408,-2.554325208795489,-8.656779713129951e-05,-4.720253438787828e-05,-0.004646946068031978,-0.0032487041154000687,0.009290469773622599,-7.434140133629646e-05
3.39,187.07601064188162,217.78099246474255,-2.706588279068942,1.5095129643375227,1.0,179.64498165667712,222.0267989482753,-2.996297011435591,1.343984446461002,0.1407099715750395,-1.5238571059686535e-05,-0.032973498949597474,-2.554325135042775,-8.477139432112141e-05,-4.71158553247327e-05,-0.004673014590198631,-0.0032824398058719376,0.009340166635806441,-7.677326208197567e-05
3.41,187.07601064188162,217.78099246474255,-2.706588279068942,1.5095129643375227,1.0,179.64497505304567,222.02680388129997,-2.996297268887109,1.3439842541403517,0.1407099052811681,-1.5307250316732766e-05,-0.03297364325207285,-2.5543250508070834,-8.286141594654895e-05,-4.700737209800213e-05,-0.004696573350673534,-0.0033171116326861454,0.009383434433056915,-7.915960433704558e-05
3.43,187.07601064188162,217.78099246474255,-2.706588279068942,1.5095129643375227,1.0,179.64496827165195,222.0268088403391,-2.9962975332689297,1.343984060805492,0.14070984619035798,-1.5359436023515077e-05,-0.03297377400027428,-2.5543249578569465,-8.083095329872365e-05,-4.686004305063204e-05,-0.004717862784804416,-0.0033522030232112465,0.009421222659845957,-8.151602638710674e-05
3.45,187.07601064188162,217.78099246474255,-2.706588279068942,1.5095129643375227,1.0,179.64496132071017,222.02681384324538,-2.996297804260813,1.343983865760415,0.1407097936135184,-1.5398369875363516e-05,-0.03297389249486491,-2.554324857711752,-7.869303010278291e-05,-4.6685721934496346e-05,-0.004737120602232683,-0.0033872891592519423,0.009454317501129012,-8.38717852901902e-05
3.47,187.07601064188162,217.78099246474255,-2.706588279068942,1.5095129643375227,1.0,179.64495420766426,222.0268189072069,-2.9962980815725433,1.343983668335014,0.14070974691537438,-1.5426620256012134e-05,-0.032973999944238684,-2.5543247518104932,-7.647357208021737e-05,-4.6476313801981165e-05,-0.004754553024664078,-0.0034219992231882307,0.009483392126717245,-8.620362504914231e-05
3.49,187.07601064188162,217.78099246474255,-2.706588279068942,1.5095129643375227,1.0,179.64494693619764,222.02682404584723,-2.9962983650605217,1.343983467998159,0.14070970553861756,-1.5446554620969825e-05,-0.032974097283261346,-2.5543246411774576,-7.416715248350584e-05,-4.621997823724746e-05,-0.004770337795074056,-0.0034561125838591814,0.009509052383337097,-8.851851676838013e-05
3.51,187.07601064188162,217.78099246474255,-2.706588279068942,1.5095129643375227,1.0,179.64493950777378,222.026829271161,-2.9962986546676884,1.3439832642822218,0.14070966901373438,-1.5460221309979773e-05,-0.03297418528717267,-2.5543245266176444,-7.174913142802913e-05,-4.5895156606947686e-05,-0.004784630695854664,-0.003489515138834188,0.00953185518828182,-9.082964255763063e-05
3.53,187.07601064188162,217.78099246474255,-2.706588279068942,1.5095129643375227,1.0,179.64493192424658,222.0268345933976,-2.9962989503217705,1.3439830567876183,0.14070963689674668,-1.5469143309748532e-05,-0.03297426488246408,-2.554324408849473,-6.924826199090678e-05,-4.5520263496935654e-05,-0.0047975913978852425,-0.0035220172096161718,0.009552199705964071,-9.314158132518171e-05
3.55,187.07601064188162,217.78099246474255,-2.706588279068942,1.5095129643375227,1.0,179.64492418440153,222.02684002264832,-2.996299252070117,1.343982845120923,0.14070960875958272,-1.547467037382187e-05,-0.03297433672761288,-2.554324288425979,-6.663981547041348e-05,-4.5068405430704684e-05,-0.004809331584829213,-0.0035535384539679927,0.009570522535703858,-9.545573038122183e-05
3.57,187.07601064188162,217.78099246474255,-2.706588279068942,1.5095129643375227,1.0,179.6449162867594,222.02684556811244,-2.996299559970393,1.343982628923491,0.14070958428143493,-1.5477794357457543e-05,-0.032974401454799046,-2.554324165830937,-6.392721999672632e-05,-4.454078862825545e-05,-0.004819977502356098,-0.0035839798141754516,0.009587183986906412,-9.777970022980685e-05
3.59,187.07601064188162,217.78099246474255,-2.706588279068942,1.5095129643375227,1.0,179.64490822985428,222.02685123837645,-2.9962998740797553,1.3439824078605676,0.140709563097222,-1.5479197764788993e-05,-0.03297445983163995,-2.554324041520662,-6.113460153185342e-05,-4.394717584199265e-05,-0.004829637054841093,-0.0036131947247975793,0.009602456255965957,-0.00010010664170954102
3.61,187.07601064188162,217.78099246474255,-2.706588279068942,1.5095129643375227,1.0,179.64490001180917,222.02685704301524,-2.996300194471377,1.3439821815588615,0.1407095449157535,-1.5479269770408756e-05,-0.03297451245992677,-2.554323916003183,-5.826022682094904e-05,-4.327074233567382e-05,-0.004838398043716363,-0.0036410491193116204,0.009616668825718136,-0.00010242261855349388
3.63,187.07601064188162,217.78099246474255,-2.706588279068942,1.5095129643375227,1.0,179.64489163100413,222.0268629890351,-2.9963005212084157,1.3439819497452197,0.14070952937991876,-1.547845201173193e-05,-0.03297456011241814,-2.5543237896639495,-5.533638033526449e-05,-4.252723932263291e-05,-0.004846343097601637,-0.0036673579969839993,0.009630021835096508,-0.00010471894358980262
3.65,187.07601064188162,217.78099246474255,-2.706588279068942,1.5095129643375227,1.0,179.6448830829465,222.02686908291696,-2.996300854466023,1.3439817121669801,0.14070951619033004,-1.547705316456555e-05,-0.0329746033837248,-2.554323662726416,-5.2339564855780844e-05,-4.171917172917622e-05,-0.0048535324135130405,-0.0036919718165901467,0.00964281389092421,-0.00010704087085901712
3.67,187.07601064188162,217.78099246474255,-2.706588279068942,1.5095129643375227,1.0,179.64487436486374,222.0268753312114,-2.996301194352291,1.343981468568756,0.14070950494880505,-1.5475428544190118e-05,-0.03297464316467825,-2.554323535541712,-4.9299839969116984e-05,-4.08723601576706e-05,-0.004860020730256603,-0.0037146659024173074,0.00965518927338037,-0.00010939846026577542
3.69,187.07601064188162,217.78099246474255,-2.706588279068942,1.5095129643375227,1.0,179.64486547325168,222.0268817383316,-2.9963015410038323,1.3439812187784945,0.1407094952117749,-1.5474193972743417e-05,-0.03297468048543985,-2.5543234083411344,-4.6229838819775854e-05,-4.002962402031287e-05,-0.004865837718570834,-0.0037351884927649087,0.009667266407368593,-0.00011185193646891744
3.71,187.07601064188162,217.78099246474255,-2.706588279068942,1.5095129643375227,1.0,179.64485640120648,222.02688830197616,-2.996301894689806,1.343980962885921,0.14070948626162047,-1.547559541155244e-05,-0.03297471676686288,-2.5543232808344913,-4.3105947113715676e-05,-3.924875382355802e-05,-0.004870939110710959,-0.003753665939102335,0.009678831493225334,-0.0001145164237955032
3.73,187.07601064188162,217.78099246474255,-2.706588279068942,1.5095129643375227,1.0,179.64484713513258,222.02689499596886,-2.996302255940251,1.3439807019115462,0.14070947709655943,-1.5487881896715288e-05,-0.032974753977592114,-2.5543231509658244,-3.991193173975762e-05,-3.878678657566451e-05,-0.004875306379456407,-0.0037711332870647594,0.009688849597213639,-0.00011777263369732486
3.75,187.07601064188162,217.78099246474255,-2.706588279068942,1.5095129643375227,1.0,179.64483767008295,222.02690174172375,-2.9963026249480333,1.3439804389191519,0.14070946790829328,-1.5507120052636783e-05,-0.03297479322014176,-2.554323013828552,-3.7127194013163254e-05,-3.856720547630414e-05,-0.004878381931604001,-0.0037929038351509118,0.009691590486917107,-0.00012060656874230799
3.78,187.07601064188162,217.78099246474255,-2.706588279068942,1.5095129643375227,1.0,179.64482902118286,222.02690906088486,-2.996302962137121,1.3439801535717402,0.14070968734086833,-1.451198864247335e-05,-0.03297444195415812,-2.5543229529429543,-2.7664955419736867e-05,-6.915260179172155e-05,-0.004981956556522417,-0.003463765864441287,0.010119663528446168,-0.00019922795734019525
3.8,187.07601064188162,217.78099246474255,-2.706588279068942,1.5095129643375227,1.0,179.64482152391756,222.02691817657373,-2.9963032544281645,1.343979798184261,0.1407096964986037,-1.4496387638024894e-05,-0.032974459376359073,-2.554323065990693,-3.207414108626766e-05,-6.757044945053926e-05,-0.005002483152406611,-0.0033846425565188763,0.01020796959168919,-0.00019480125062146456
3.82,187.07601064188162,217.78099246474255,-2.706588279068942,1.5095129643375227,1.0,179.64481260349908,222.02692527986787,-2.996303602202766,1.3439795212527152,0.14070969608289907,-1.443894453353592e-05,-0.03297448638767721,-2.554322980610657,-3.04759582636302e-05,-6.663731518334357e-05,-0.005004322787046155,-0.003414227919495972,0.010200905733388891,-0.0001945241034260608
3.85,187.07601064188162,217.78099246474255,-2.706588279068942,1.5095129643375227,1.0,179.6448035863584,222.0269324520751,-2.9963039537482103,1.3439792416344978,0.14070969642684417,-1.4391759239422558e-05,-0.03297451186382902,-2.5543228935796716,-2.8546090859993527e-05,-6.63700866226728e-05,-0.005006030565291537,-0.0034413304766249446,0.01019481423496164,-0.0001958267533857958
3.87,187.07601064188162,217.78099246474255,-2.706588279068942,1.5095129643375227,1.0,179.64479449699542,222.0269397326496,-2.996304308109341,1.343978957791439,0.1407096972297234,-1.4351173142443136e-05,-0.032974536406486794,-2.5543228085946703,-2.664284987590989e-05,-6.604193520581275e-05,-0.0050074131571115335,-0.0034668182971952853,0.010188901319756229,-0.0001970427830489031
3.89,187.07601064188162,217.78099246474255,-2.706588279068942,1.5095129643375227,1.0,179.64478533578372,222.02694711652464,-2.996304665271589,1.3439786699210654,0.14070969841627815,-1.4316388081836569e-05,-0.03297456025850327,-2.554322725350504,-2.4786887618746464e-05,-6.567536931168834e-05,-0.005008500873665727,-0.0034907504776850395,0.010183113441219194,-0.00019817793747514998
3.91,187.07601064188162,217.78099246474255,-2.706588279068942,1.5095129643375227,1.0,179.64477610314378,222.0269545987459,-2.996305025218566,1.343978378216533,0.14070969993205978,-1.4286745818679901e-05,-0.03297458360462671,-2.554322643549754,-2.298024808885038e-05,-6.52801706241757e-05,-0.005009315387736919,-0.0035132171604822754,0.010177429227439477,-0.0001992422638574991
3.93,187.07601064188162,217.78099246474255,-2.706588279068942,1.5095129643375227,1.0,179.64476680031493,222.02696217512076,-2.9963053879019523,1.343978082841296,0.14070970172750563,-1.4261560958668982e-05,-0.03297460661183432,-2.5543225629853343,-2.1232585290374153e-05,-6.486315550364768e-05,-0.005009880810327157,-0.0035342744159216444,0.010171837466022913,-0.0002002321314093819
3.95,187.07601064188162,217.78099246474255,-2.706588279068942,1.5095129643375227,1.0,179.64475742921974,222.02696984142966,-2.9963057532467943,1.3439777839598572,0.14070970375997774,-1.4240200730336638e-05,-0.032974629433791244,-2.5543224834855764,-1.9556896153326135e-05,-6.442886640111145e-05,-0.005010215748385932,-0.003553988382215207,0.010166301838489475,-0.00020113508651232906
3.97,187.07601064188162,217.78099246474255,-2.706588279068942,1.5095129643375227,1.0,179.644747992419,222.02697759470706,-2.9963061211532547,1.3439774816878336,0.14070970593787957,-1.4222173213453138e-05,-0.032974652216190434,-2.5543224049960958,-1.793532509894891e-05,-6.396367108425002e-05,-0.005010326021967249,-0.0035723563729773413,0.010160909790025392,-0.00020195504188023398
3.99,187.07601064188162,217.78099246474255,-2.706588279068942,1.5095129643375227,1.0,179.64473849538504,222.02698543088178,-2.9963064914079904,1.3439771761839467,0.1407097083134882,-1.4206282495407964e-05,-0.03297467501519836,-2.554322327561746,-1.640569424746696e-05,-6.35007021894728e-05,-0.005010290432517107,-0.0035891636855015403,0.010155825837165334,-0.00020270357157307472
4.01,187.07601064188162,217.78099246474255,-2.706588279068942,1.5095129643375227,1.0,179.64472894245998,222.02699334430292,-2.9963068638417174,1.3439768676685029,0.14070971090505505,-1.4192041300156926e-05,-0.03297469790338006,-2.5543222510643084,-1.4986009695092746e-05,-6.305568551319182e-05,-0.005010143388739253,-0.003604448709542487,0.010151037218199712,-0.0002033805603397767
4.03,187.07601064188162,217.78099246474255,-2.706588279068942,1.5095129643375227,1.0,179.6447193366496,222.027001329446,-2.9963072383372484,1.3439765563568817,0.1407097135001133,-1.4179393026631284e-05,-0.032974721209323425,-2.5543221753248324,-1.3655878749054104e-05,-6.260176621946875e-05,-0.005009827497194739,-0.003618425282573851,0.01014637482541449,-0.0002039612646244558
4.05,187.07601064188162,217.78099246474255,-2.706588279068942,1.5095129643375227,1.0,179.64470968443817,222.02700938221165,-2.9963076146417866,1.3439762424089023,0.1407097162556692,-1.4167666060733137e-05,-0.032974744697719764,-2.5543221004719108,-1.2433465746523767e-05,-6.217008212724412e-05,-0.005009453697516569,-0.0036309554396681235,0.010142094597465703,-0.00020448007486513272
4.07,187.07601064188162,217.78099246474255,-2.706588279068942,1.5095129643375227,1.0,179.6446999893179,222.0270174976637,-2.996307992619185,1.3439759260170083,0.1407097190967948,-1.415618641262769e-05,-0.032974768543519994,-2.5543220264180744,-1.1323666078063405e-05,-6.17378835198044e-05,-0.005008984182797077,-0.0036421079477607205,0.010138085679810463,-0.00020489028313389372
4.09,187.07601064188162,217.78099246474255,-2.706588279068942,1.5095129643375227,1.0,179.64469025958712,222.02702567370383,-2.996308371945921,1.3439756072630076,0.1407097222129468,-1.4143471344837035e-05,-0.032974792486552044,-2.5543219535253843,-1.0343295493444715e-05,-6.132919349190226e-05,-0.0050085392144176314,-0.003651564923650622,0.010134749247811648,-0.0002052244848539764
4.11,187.07601064188162,217.78099246474255,-2.706588279068942,1.5095129643375227,1.0,179.64468050581002,222.02703390858738,-2.996308752210136,1.3439752862149172,0.14070972561101633,-1.4128705902491102e-05,-0.032974816624683934,-2.554321882265428,-9.526727487666614e-06,-6.0947480318805696e-05,-0.005008154193307219,-0.003658815152415723,0.010132376176527597,-0.00020546204447703694
4.13,187.07601064188162,217.78099246474255,-2.706588279068942,1.5095129643375227,1.0,179.64467072384008,222.02704218552003,-2.9963091335734857,1.3439749635274854,0.14070972922461494,-1.4115329886351312e-05,-0.03297484068684166,-2.5543218114717936,-8.793166755652034e-06,-6.0606282524550164e-05,-0.005007805164606696,-0.003665242207197183,0.010130286247985096,-0.00020568129664424791
4.15,187.07601064188162,217.78099246474255,-2.706588279068942,1.5095129643375227,1.0,179.64466091857574,222.02705049458675,-2.996309515845001,1.3439746395872603,0.14070973276914667,-1.4102307502661389e-05,-0.03297486536162641,-2.5543217407758725,-8.111293455735288e-06,-6.0395742139000326e-05,-0.00500745942797735,-0.0036703862566093157,0.010128610553310841,-0.00020608129760514265
4.17,187.07601064188162,217.78099246474255,-2.706588279068942,1.5095129643375227,1.0,179.64465109766473,222.02705883540807,-2.996309898726521,1.3439743144090426,0.14070973648277685,-1.4090738382072904e-05,-0.032974889975369744,-2.5543216705903227,-7.504517047571399e-06,-6.022411914965775e-05,-0.0050071563019129205,-0.0036747514456655275,0.010127232508686907,-0.000206470090321944
4.19,187.07601064188162,217.78099246474255,-2.706588279068942,1.5095129643375227,1.0,179.6446412586885,222.02706719991653,-2.996310282312339,1.3439739883073476,0.1407097403641881,-1.4080145655261743e-05,-0.032974914444801974,-2.554321600350539,-6.944867691382117e-06,-6.0072064862507445e-05,-0.005006869397417104,-0.003678713071686004,0.010125972487732745,-0.00020684049242526367
4.21,187.07601064188162,217.78099246474255,-2.706588279068942,1.5095129643375227,1.0,179.64463138004774,222.02707558489098,-2.9963106674445332,1.3439736614077584,0.14070974305598194,-1.4076279239484848e-05,-0.032974940043604274,-2.5543215287693,-6.212088175548366e-06,-5.963220306813555e-05,-0.005006012568181154,-0.0036847723514915115,0.010123001431403924,-0.00020689283732758387
4.23,187.07601064188162,217.78099246474255,-2.706588279068942,1.5095129643375227,1.0,179.64462142381302,222.02708396788736,-2.996311055601831,1.3439733345852878,0.14070974463109542,-1.4074969695906818e-05,-0.032974966884722685,-2.554321452351486,-5.241779001359634e-06,-5.887338764509615e-05,-0.00500423222652024,-0.0036946834771604976,0.010116629666070681,-0.00020658178894020297
4.25,187.07601064188162,217.78099246474255,-2.706588279068942,1.5095129643375227,1.0,179.6446114246038,222.02709238391253,-2.99631144543455,1.3439730064751467,0.14070974671345327,-1.4073914596834635e-05,-0.03297499337449193,-2.554321374993748,-4.332421207583147e-06,-5.819930656401917e-05,-0.005002454704114884,-0.003704640667128313,0.010109931240603356,-0.00020631645808754845
4.27,187.07601064188162,217.78099246474255,-2.706588279068942,1.5095129643375227,1.0,179.64460143704105,222.0271007465543,-2.996311834813215,1.343972680446226,0.14070977766725434,-1.4167723861451823e-05,-0.03297495957268776,-2.554321294519667,-7.715843090576129e-06,-5.3153183682774487e-05,-0.005011126083493274,-0.0037866893073442843,0.010081666313004879,-0.00019112642471123624
4.31,187.07601064188162,217.78099246474255,-2.706588279068942,1.5095129643375227,1.0,179.6445914297394,222.02710912404117,-2.9963122249614274,1.3439723538385497,0.14070978389546734,-1.4156225300982202e-05,-0.032974981574424335,-2.5543212141728695,-7.508921085823536e-06,-5.345577525532716e-05,-0.005010998797002623,-0.0037933216479257214,0.010077502224856797,-0.0001916212504657439
4.33,187.07601064188162,217.78099246474255,-2.706588279068942,1.5095129643375227,1.0,179.64458151524357,222.02711765878362,-2.9963126114914784,1.343972021100055,0.1407097893959838,-1.415497313914444e-05,-0.032975004587418456,-2.5543211483485604,-7.419853342747855e-06,-5.35974824337343e-05,-0.005010847741488949,-0.003792818561397015,0.010077453309682002,-0.00019197593083011507
4.35,187.07601064188162,217.78099246474255,-2.706588279068942,1.5095129643375227,1.0,179.64457160500152,222.0271262003609,-2.9963129978556915,1.3439716880950925,0.14070979506891382,-1.4154738849846376e-05,-0.03297502720088608,-2.5543210831686674,-7.3756018410198404e-06,-5.367280619260464e-05,-0.005010780597348328,-0.0037927664754936847,0.010077329789421418,-0.00019215284375780835
4.38,187.07601064188162,217.78099246474255,-2.706588279068942,1.5095129643375227,1.0,179.64456169437713,222.02713474113108,-2.99631338423481,1.3439713551215955,0.14070980077904172,-1.4154735644706811e-05,-0.032975049728394504,-2.554321017922727,-7.337676101512613e-06,-5.3740148161292084e-05,-0.005010734441205268,-0.0037928015999563634,0.010077202159817607,-0.00019230640112528395
4.4,187.07601064188162,217.78099246474255,-2.706588279068942,1.5095129643375227,1.0,179.64455178267005,222.0271432799047,-2.996313770656138,1.3439710222259376,0.14070980649465162,-1.415478485781997e-05,-0.03297507224303807,-2.554320952501329,-7.301710565741802e-06,-5.380519513779411e-05,-0.005010692098453387,-0.003792856941135592,0.010077070335812472,-0.0001924531166935968
4.43,187.07601064188162,217.78099246474255,-2.706588279068942,1.5095129643375227,1.0,179.6445418697072,222.0271518164024,-2.9963141571264242,1.3439706894190087,0.1407098122114823,-1.4154843833305548e-05,-0.03297509475456893,-2.5543208868782954,-7.266136791642488e-06,-5.3869684957311636e-05,-0.0050106508898692835,-0.0037929160704836843,0.010076938904134296,-0.00019259834157167499
4.45,187.07601064188162,217.78099246474255,-2.706588279068942,1.5095129643375227,1.0,179.64453195546662,222.02716035058808,-2.996314543646526,1.3439703567022192,0.14070981792832127,-1.415490532618693e-05,-0.032975117265799894,-2.554320821050257,-7.2307519624669e-06,-5.393389424901036e-05,-0.005010610208164226,-0.0037929756639935655,0.010076808438631867,-0.00019274288045096293
4.47,187.07601064188162,217.78099246474255,-2.706588279068942,1.5095129643375227,1.0,179.64452203994702,222.02716888245905,-2.996314930216491,1.34397002407567,0.14070982364491164,-1.4154967762780226e-05,-0.03297513977732667,-2.5543207550169824,-7.195515672906816e-06,-5.399787516260714e-05,-0.0050105699108034295,-0.003793035133554944,0.01007667896106553,-0.00019288688506623433
4.49,187.07601064188162,217.78099246474255,-2.706588279068942,1.5095129643375227,1.0,179.6445121231522,222.02717741202088,-2.996315316836171,1.3439696915391468,0.14070982936120163,-1.415503082082419e-05,-0.0329751622892685,-2.5543206887789944,-7.160419024823932e-06,-5.4061639386150195e-05,-0.00501052996778481,-0.003793094358747465,0.010076550473944188,-0.00019303038887260132
4.51,187.07601064188162,217.78099246474255,-2.706588279068942,1.5095129643375227,1.0,179.64450220508692,222.02718593928066,-2.9963157035053825,1.343969359092371,0.14070983507718132,-1.4155094432266803e-05,-0.032975184801647475,-2.554320622336972,-7.125459789187596e-06,-5.412518989202886e-05,-0.005010490372035054,-0.0037931533156526586,0.010076422975219991,-0.00019317340010274232
4.53,187.07601064188162,217.78099246474255,-2.706588279068942,1.5095129643375227,1.0,179.64449228575617,222.02719446424592,-2.9963160902239308,1.3439690267350513,0.14070984079284948,-1.4155158580945536e-05,-0.03297520731446566,-2.554320555691621,-7.090637175032641e-06,-5.418852790294398e-05,-0.005010451121186049,-0.00379321200028903,0.0100762964615755,-0.00019331592177258797
4.55,187.07601064188162,217.78099246474255,-2.706588279068942,1.5095129643375227,1.0,179.64448236516486,222.02720298692415,-2.9963164769916224,1.3439686944668952,0.14070984650820667,-1.4155223261800919e-05,-0.032975229827721095,-2.5543204888436533,-7.05595065738794e-06,-5.425165421777431e-05,-0.0050104122138488316,-0.003793270412442208,0.010076170929844981,-0.00019345795578040395
4.57,187.07601064188162,217.78099246474255,-2.706588279068942,1.5095129643375227,1.0,179.64447244331802,222.02721150732282,-2.9963168638082633,1.34396836228761,0.14070985222325366,-1.415528847150394e-05,-0.03297525234141107,-2.554320421793778,-7.021399714255577e-06,-5.4314569626720245e-05,-0.005010373648801357,-0.003793328552842438,0.010076046376721822,-0.00019359950397952418
4.59,187.07601064188162,217.78099246474255,-2.706588279068942,1.5095129643375227,1.0,179.6444625202206,222.0272200254494,-2.9963172506736604,1.343968030196905,0.14070985793799146,-1.4155354207423331e-05,-0.03297527485553251,-2.554320354542703,-6.986983875943123e-06,-5.437727483747538e-05,-0.005010335424904989,-0.0037933864222805718,0.010075922799060926,-0.00019374056802506738
4.61,187.07601064188162,217.78099246474255,-2.706588279068942,1.5095129643375227,1.0,179.64445259587754,222.02722854131133,-2.996317637587619,1.34396769819449,0.14070986365242094,-1.4155420466870544e-05,-0.03297529737008246,-2.5543202870911332,-6.9527027297583465e-06,-5.4439770587456595e-05,-0.005010297541014636,-0.0037934440217132475,0.010075800193397202,-0.00019388114953289163
4.63,187.07601064188162,217.78099246474255,-2.706588279068942,1.5095129643375227,1.0,179.6444426702938,222.02723705491607,-2.9963180245499483,1.3439673662800753,0.14070986936654298,-1.415548724727679e-05,-0.03297531988505804,-2.5543202194397723,-6.918555707159722e-06,-5.450205775651585e-05,-0.005010259995975207,-0.0037935013519298706,0.010075678556536316,-0.00019402125056104343
4.65,187.07601064188162,217.78099246474255,-2.706588279068942,1.5095129643375227,1.0,179.6444327434743,222.02724556627098,-2.996318411560456,1.343967034453372,0.1407098750803586,-1.4155554546305862e-05,-0.032975342400456215,-2.554320151589322,-6.884542427102011e-06,-5.456413687305315e-05,-0.005010222788665086,-0.0037935584138637166,0.010075557885339745,-0.00019416087235941701
4.67,187.07601064188162,217.78099246474255,-2.706588279068942,1.5095129643375227,1.0,179.64442281542384,222.02725407538355,-2.9963187986189532,1.3439667027140918,0.1407098807938687,-1.4155622361182425e-05,-0.03297536491627418,-2.554320083540481,-6.850662390436965e-06,-5.462600874824245e-05,-0.0050101859179460684,-0.0037936152083982238,0.010075438176520263,-0.0001943000167809261
4.69,187.07601064188162,217.78099246474255,-2.706588279068942,1.5095129643375227,1.0,179.64441288604147,222.02726258209174,-2.9963191857293787,1.3439663710685485,0.14070988650474636,-1.4155669131841818e-05,-0.03297538743821834,-2.554320015278024,-6.817241427153008e-06,-5.468692773737607e-05,-0.0050101478984890735,-0.00379367249658882,0.010075315616424604,-0.0001944369685808859
4.71,187.07601064188162,217.78099246474255,-2.706588279068942,1.5095129643375227,1.0,179.64440295530133,222.0272710863627,-2.996319572892736,1.3439660395180233,0.14070989221161592,-1.4155686986393205e-05,-0.032975409969502385,-2.554319946798572,-6.783498629862341e-06,-5.4748133660193046e-05,-0.0050101079781169275,-0.0037937245116746805,0.010075191887876872,-0.0001945749118296466
4.73,187.07601064188162,217.78099246474255,-2.706588279068942,1.5095129643375227,1.0,179.64439302331843,222.02727958838489,-2.996319960104544,1.3439657080551701,0.14070989791733865,-1.4155700393621746e-05,-0.03297543250316951,-2.5543198781196725,-6.7497300753686625e-06,-5.480935011870449e-05,-0.0050100679391067845,-0.003793774147639301,0.010075069328516031,-0.00019471299213788182
4.75,187.07601064188162,217.78099246474255,-2.706588279068942,1.5095129643375227,1.0,179.64438309011575,222.02728808819487,-2.996320347363907,1.3439653766785633,0.14070990362263064,-1.4155713606995732e-05,-0.03297545503756019,-2.5543198092447548,-6.7160684877476265e-06,-5.487039603975936e-05,-0.005010028163982581,-0.003793823164535585,0.010074947772427609,-0.00019485069795267433
4.77,187.07601064188162,217.78099246474255,-2.706588279068942,1.5095129643375227,1.0,179.64437315570103,222.02729658580452,-2.996320734670524,1.343965045387738,0.14070990932762112,-1.415572735978576e-05,-0.03297547757237571,-2.5543197401749453,-6.682534716145102e-06,-5.493124394541384e-05,-0.0050099887205827184,-0.0037938718778772387,0.010074827188021378,-0.00019498794932852224
4.79,187.07601064188162,217.78099246474255,-2.706588279068942,1.5095129643375227,1.0,179.64436322007958,222.02730508122193,-2.996321122024188,1.3439647141823798,0.14070991503233332,-1.4155741778299767e-05,-0.032975500107561534,-2.554319670911006,-6.649131955966075e-06,-5.499188974236158e-05,-0.005009949619862342,-0.003793920343332612,0.010074707567315124,-0.0001951247339441325
4.81,187.07601064188162,217.78099246474255,-2.706588279068942,1.5095129643375227,1.0,179.64435328325624,222.02731357445447,-2.9963215094247087,1.3439643830622037,0.14070992073677213,-1.4155756882282698e-05,-0.032975522643105847,-2.5543196014536322,-6.61586046215505e-06,-5.505233313753797e-05,-0.005009910862782018,-0.0037939685715018185,0.010074588906185088,-0.0001952610506358117
4.83,187.07601064188162,217.78099246474255,-2.706588279068942,1.5095129643375227,1.0,179.64434334523582,222.02732206550925,-2.996321896871898,1.3439640520269296,0.14070992644093888,-1.4155772672534695e-05,-0.03297554517900441,-2.5543195318035044,-6.582719891002047e-06,-5.51125746577668e-05,-0.005009872448546499,-0.003794016564640067,0.010074471201416723,-0.0001953969005661011
4.85,187.07601064188162,217.78099246474255,-2.706588279068942,1.5095129643375227,1.0,179.64433340602315,222.02733055439342,-2.996322284365569,1.34396372107628,0.14070993214483454,-1.4155789146622351e-05,-0.03297556771525418,-2.5543194619612986,-6.54970977472739e-06,-5.5172615062570244e-05,-0.0050098343760623205,-0.003794064323999127,0.01007435444961274,-0.000195532285452737
4.87,187.07601064188162,217.78099246474255,-2.706588279068942,1.5095129643375227,1.0,179.64432346562296,222.0273390411141,-2.9963226719055385,1.343963390209977,0.1407099378484599,-1.4155806301683555e-05,-0.03297559025185256,-2.554319391927692,-6.5168296180064846e-06,-5.523245505338061e-05,-0.00500979664418103,-0.0037941118502635707,0.010074238647747388,-0.00019566720698017208
4.89,187.07601064188162,217.78099246474255,-2.706588279068942,1.5095129643375227,1.0,179.64431352403992,222.02734752567832,-2.996323059491621,1.3439630594277454,0.14070994355181576,-1.4155824134590632e-05,-0.03297561278879668,-2.554319321703357,-6.484079072938478e-06,-5.529209539112149e-05,-0.005009759251797511,-0.0037941591441946346,0.01007412379235309,-0.0001958016667209404
4.91,187.07601064188162,217.78099246474255,-2.706588279068942,1.5095129643375227,1.0,179.64430358127885,222.02735600809322,-2.9963234471236317,1.3439627287293097,0.14070994925490296,-1.415584264256478e-05,-0.03297563532608404,-2.554319251288962,-6.451457639690015e-06,-5.53515366327952e-05,-0.005009722197737091,-0.003794206206531645,0.010074009880554886,-0.00019593566613808556
4.93,187.07601064188162,217.78099246474255,-2.706588279068942,1.5095129643375227,1.0,179.6442936373444,222.02736448836575,-2.9963238348013883,1.3439623981143956,0.1407099549577222,-1.4155861821978456e-05,-0.03297565786371185,-2.5543191806851753,-6.418964841775274e-06,-5.541077963503767e-05,-0.005009685480862381,-0.0037942530383024693,0.010073896908844597,-0.00019606920711837553
4.96,187.07601064188162,217.78099246474255,-2.706588279068942,1.5095129643375227,1.0,179.64428369224126,222.02737296650298,-2.9963242225247075,1.3439620675827304,0.14070996066027425,-1.4155881670623892e-05,-0.032975680401677594,-2.5543191098926625,-6.386600305705362e-06,-5.546982500654631e-05,-0.005009649100064775,-0.0037942996398284056,0.010073784874326669,-0.00019620229105012717
4.98,187.07601064188162,217.78099246474255,-2.706588279068942,1.5095129643375227,1.0,179.64427374597412,222.02738144251185,-2.9963246102934074,1.3439617371340415,0.14070996636255997,-1.4155902184727745e-05,-0.032975702939978625,-2.5543190389120864,-6.354363462875005e-06,-5.552867343145028e-05,-0.005009613054142264,-0.003794346012462552,0.010073673773675287,-0.0001963349196637059
5.0,187.07601064188162,217.78099246474255,-2.706588279068942,1.5095129643375227,1.0,179.64426379854757,222.02738991639933,-2.9963249981073075,1.343961406768058,0.14070997206458002,-1.4155923362080516e-05,-0.032975725478612314,-2.554318967744109,-6.322253966542252e-06,-5.558732567400817e-05,-0.0050095773420482485,-0.0037943921562403537,0.0100735636039903,-0.00019646709456619526
5.02,187.07601064188162,217.78099246474255,-2.706588279068942,1.5095129643375227,1.0,179.6442538499663,222.02739838817237,-2.9963253859662267,1.3439610764845087,0.14070997776633518,-1.4155945198957459e-05,-0.032975748017576086,-2.554318896389388,-6.290271386755349e-06,-5.5645782367735647e-05,-0.005009541962608699,-0.003794438072444692,0.010073454361757673,-0.00019659881722209965
5.04,187.07601064188162,217.78099246474255,-2.706588279068942,1.5095129643375227,1.0,179.64424390023493,222.02740685783786,-2.9963257738699833,1.3439607462831247,0.14070998346782632,-1.4155967692975507e-05,-0.03297577055686731,-2.55431882484858,-6.258415222202738e-06,-5.570404419479388e-05,-0.0050095069147231604,-0.003794483761597192,0.01007334604421499,-0.0001967300893030519
5.06,187.07601064188162,217.78099246474255,-2.706588279068942,1.5095129643375227,1.0,179.64423394935807,222.0274153254027,-2.996326161818399,1.3439604161636374,0.14070998916905408,-1.4155990840866399e-05,-0.032975793096483394,-2.554318753122338,-6.226685058996527e-06,-5.576211186620941e-05,-0.0050094721972529345,-0.003794529224536522,0.01007323864802855,-0.00019686091239061037
5.08,187.07601064188162,217.78099246474255,-2.706588279068942,1.5095129643375227,1.0,179.6442239973403,222.02742379087377,-2.9963265498112945,1.3439600861257792,0.14070999487001926,-1.4156014639894719e-05,-0.03297581563642183,-2.5543186812113157,-6.1950804603883155e-06,-5.581998604965553e-05,-0.005009437809105432,-0.003794574461936965,0.010073132170210518,-0.0001969912880393306
5.1,187.07601064188162,217.78099246474255,-2.706588279068942,1.5095129643375227,1.0,179.64421404418616,222.02743225425786,-2.996326937848493,1.3439597561692826,0.14071000057072264,-1.4156039087144553e-05,-0.03297583817668006,-2.5543186091161623,-6.163600964774582e-06,-5.5877667441820095e-05,-0.00500940374914868,-0.0037946194745709563,0.010073026607637882,-0.00019712121787731585
5.12,187.07601064188162,217.78099246474255,-2.706588279068942,1.5095129643375227,1.0,179.64420408990028,222.02744071556188,-2.9963273259298138,1.343959426293883,0.14071000627116487,-1.4156064179578479e-05,-0.032975860717255466,-2.5543185368375245,-6.132246214232435e-06,-5.5935156665149724e-05,-0.0050093700162953505,-0.0037946642631721725,0.010072921957157486,-0.00019725070327806802
5.14,187.07601064188162,217.78099246474255,-2.706588279068942,1.5095129643375227,1.0,179.64419413448718,222.02744917479257,-2.996327714055081,1.343959096499315,0.14071001197134675,-1.4156089914377777e-05,-0.03297588325814549,-2.5543184643760473,-6.101015665968741e-06,-5.599245449860061e-05,-0.005009336609424575,-0.0037947088284804365,0.010072818215782322,-0.0001973797461113708
5.16,187.07601064188162,217.78099246474255,-2.706588279068942,1.5095129643375227,1.0,179.6441841779514,222.02745763195668,-2.9963281022241177,1.3439587667853146,0.14071001767126906,-1.4156116288796622e-05,-0.03297590579934766,-2.5543183917323753,-6.069908959927765e-06,-5.604956155914729e-05,-0.005009303527453624,-0.0037947531712107406,0.010072715380396275,-0.000197508347746154
5.18,187.07601064188162,217.78099246474255,-2.706588279068942,1.5095129643375227,1.0,179.64417422029737,222.027466087061,-2.996328490436749,1.3439584371516191,0.14071002337093247,-1.4156143299792388e-05,-0.032975928340859384,-2.5543183189071477,-6.038925679292535e-06,-5.610647848668901e-05,-0.005009270769282452,-0.0037947972920962135,0.010072613447948334,-0.00019763650966373881
5.2,187.07601064188162,217.78099246474255,-2.706588279068942,1.5095129643375227,1.0,179.64416426152968,222.02747454011217,-2.996328878692801,1.3439581075979659,0.14071002907033775,-1.4156170944594949e-05,-0.03297595088267835,-2.554318245901004,-6.008065290037104e-06,-5.6163206014136954e-05,-0.005009238333783576,-0.00379484119195076,0.010072512415442336,-0.00019776423364714432
5.22,187.07601064188162,217.78099246474255,-2.706588279068942,1.5095129643375227,1.0,179.64415430165278,222.02748299111698,-2.996329266992096,1.3439577781240941,0.14071003476948563,-1.4156199220428978e-05,-0.03297597342480181,-2.5543181727145807,-5.977327480876293e-06,-5.621974477361028e-05,-0.005009206219925722,-0.0037948848713232346,0.010072412279829074,-0.0001978915210305648
5.24,187.07601064188162,217.78099246474255,-2.706588279068942,1.5095129643375227,1.0,179.64414434067126,222.0274914400881,-2.996329655334454,1.3439574487295083,0.14071004046600158,-1.4156214931454073e-05,-0.03297599597267863,-2.5543180993489063,-5.946364552942033e-06,-5.6276592282589226e-05,-0.005009173591986553,-0.0037949257806606943,0.01007231262691841,-0.00019801967759471898
5.26,187.07601064188162,217.78099246474255,-2.706588279068942,1.5095129643375227,1.0,179.64413437922147,222.02749988815526,-2.9963300436950693,1.3439571193701652,0.14071004613891616,-1.4156105408122038e-05,-0.032976018574506154,-2.5543180259067624,-5.912041435320405e-06,-5.633804196683963e-05,-0.005009131116372354,-0.003794917334188028,0.010072219583159491,-0.00019816098861748956
5.28,187.07601064188162,217.78099246474255,-2.706588279068942,1.5095129643375227,1.0,179.6441244172806,222.0275083352304,-2.996330432074829,1.3439567900494964,0.14071005181674967,-1.4156012659916838e-05,-0.03297604116525507,-2.5543179523812887,-5.879669705463153e-06,-5.6396331140872705e-05,-0.005009090705648806,-0.003794926016517923,0.010072121277976175,-0.00019829415190772873
5.3,187.07601064188162,217.78099246474255,-2.706588279068942,1.5095129643375227,1.0,179.64411445460146,222.02751678090192,-2.996330820483374,1.34395646078355,0.1407100574958965,-1.4155924335961942e-05,-0.03297606375294782,-2.5543178787342953,-5.84787689637573e-06,-5.6453722238568495e-05,-0.005009051395295549,-0.0037949410525957585,0.01007202179958977,-0.0001984249365853138
5.32,187.07601064188162,217.78099246474255,-2.706588279068942,1.5095129643375227,1.0,179.64410449111693,222.02752522505682,-2.9963312089233165,1.343956131576733,0.14071006317555756,-1.4155839384473399e-05,-0.03297608633926863,-2.5543178049553354,-5.816470907070675e-06,-5.651051994616852e-05,-0.005009012883493882,-0.0037949591977471503,0.010071922357071151,-0.0001985541892841065
5.34,187.07601064188162,217.78099246474255,-2.706588279068942,1.5095129643375227,1.0,179.64409452679945,222.02753366764756,-2.996331597395733,1.343955802430894,0.14071006885546516,-1.4155757658069036e-05,-0.03297610892477264,-2.554317731040049,-5.785357415839668e-06,-5.65668764957667e-05,-0.0050089750536345,-0.0037949789615286693,0.010071823557110386,-0.00019868232752763112
5.36,187.07601064188162,217.78099246474255,-2.706588279068942,1.5095129643375227,1.0,179.64408456161493,222.02754210861602,-2.9963319859019517,1.3439554733483043,0.14071007453531018,-1.4155677264002495e-05,-0.03297613151017802,-2.554317656983064,-5.754464893237038e-06,-5.6622897510322126e-05,-0.005008937759596288,-0.0037949998013254824,0.010071725383990078,-0.00019880962710239718
5.38,187.07601064188162,217.78099246474255,-2.706588279068942,1.5095129643375227,1.0,179.64407459556392,222.0275505479618,-2.9963323744419523,1.3439551443289741,0.14071008021506234,-1.4155598879397448e-05,-0.03297615409551471,-2.5543175827843907,-5.723771728392249e-06,-5.6678621645655635e-05,-0.005008900994438118,-0.003795021116939586,0.010071628173153883,-0.0001989362005015074
5.4,187.07601064188162,217.78099246474255,-2.706588279068942,1.5095129643375227,1.0,179.6440646286247,222.02755898564712,-2.99633276301658,1.3439548153743819,0.14071008589478765,-1.415552217108386e-05,-0.032976176680659136,-2.554317508440552,-5.693298778861435e-06,-5.673401148862821e-05,-0.005008864755193662,-0.0037950433977166345,0.01007153163052839,-0.00019906194192592771
5.44,187.07601064188162,217.78099246474255,-2.706588279068942,1.5095129643375227,1.0,179.64405466085842,222.02756742171957,-2.996333151623454,1.3439544864826674,0.14071009157375544,-1.4155441570427107e-05,-0.03297619926899474,-2.5543174339577672,-5.663534961559578e-06,-5.6789125645980966e-05,-0.00500882907285355,-0.003795063312696452,0.01007143636853394,-0.00019918639633065776
5.46,187.07601064188162,217.78099246474255,-2.706588279068942,1.5095129643375227,1.0,179.64404469226562,222.02757585615475,-2.996333540262549,1.3439541576547853,0.14071009725206887,-1.4155360229347522e-05,-0.03297622185886237,-2.5543173593347617,-5.634222643541103e-06,-5.684380835996151e-05,-0.0050087938210020624,-0.003795081732536523,0.010071342520612262,-0.0001993096377536001
5.48,187.07601064188162,217.78099246474255,-2.706588279068942,1.5095129643375227,1.0,179.64403472283269,222.02758428891147,-2.996333928934398,1.3439538288923407,0.14071010292953032,-1.4155282204979333e-05,-0.03297624445076287,-2.5543172845682807,-5.605356039366932e-06,-5.689815158702968e-05,-0.005008758908402445,-0.0037951008108601824,0.010071248448306461,-0.00019943172956161942
5.5,187.07601064188162,217.78099246474255,-2.706588279068942,1.5095129643375227,1.0,179.64402475257333,222.02759271997485,-2.9963343176384667,1.343953500195912,0.1407101086054766,-1.4155207373608187e-05,-0.03297626704580055,-2.554317209658117,-5.577003967885256e-06,-5.6951968873720853e-05,-0.005008723886488263,-0.003795121612315721,0.010071152523011476,-0.0001995522227661741
5.52,187.07601064188162,217.78099246474255,-2.706588279068942,1.5095129643375227,1.0,179.64401478147684,222.02760114933048,-2.9963347063751717,1.3439531715660626,0.14071011428110197,-1.4155133299949472e-05,-0.03297628964109498,-2.5543171346028033,-5.548780687589629e-06,-5.700558537380515e-05,-0.005008689248551879,-0.003795142483077059,0.010071057479435826,-0.00019967224430063392
5.54,187.07601064188162,217.78099246474255,-2.706588279068942,1.5095129643375227,1.0,179.6440048095493,222.02760957698789,-2.9963350951442767,1.3439528430024217,0.14071011995642482,-1.415506018744071e-05,-0.03297631223660036,-2.5543170594032287,-5.520690585561895e-06,-5.70589983339296e-05,-0.005008655024852989,-0.00379516327621029,0.01007096347223936,-0.00019979179106377958
5.56,187.07601064188162,217.78099246474255,-2.706588279068942,1.5095129643375227,1.0,179.64399483679466,222.02761800295312,-2.9963354839456273,1.3439525145047517,0.14071012563144625,-1.4154988027978076e-05,-0.03297633483231408,-2.5543169840599673,-5.492733418208714e-06,-5.7112208023094306e-05,-0.0050086212137200525,-0.0037951839940788953,0.010070870496117258,-0.00019991086362919418
5.58,187.07601064188162,217.78099246474255,-2.706588279068942,1.5095129643375227,1.0,179.6439848632169,222.0276264272323,-2.996335872779068,1.343952186072816,0.14071013130616725,-1.4154916816975935e-05,-0.03297635742823353,-2.5543169085735893,-5.464908759153595e-06,-5.7165215091705974e-05,-0.005008587813569304,-0.0037952046370271822,0.010070778547061515,-0.00020002946349698854
5.6,187.07601064188162,217.78099246474255,-2.706588279068942,1.5095129643375227,1.0,179.64397488882005,222.02763484983137,-2.996336261644443,1.3439518577063803,0.14071013698058873,-1.415484655054466e-05,-0.03297638002435602,-2.554316832944661,-5.437216044644369e-06,-5.721802040774282e-05,-0.0050085548228572556,-0.003795225205289869,0.010070687621251585,-0.00020014759270104763
5.62,187.07601064188162,217.78099246474255,-2.706588279068942,1.5095129643375227,1.0,179.643964913608,222.02764327075639,-2.9963366505415983,1.34395152940521,0.14071014265471157,-1.415477722431731e-05,-0.03297640262067925,-2.5543167571737473,-5.4096547971274915e-06,-5.727062473616444e-05,-0.005008522239984831,-0.003795245699125731,0.010070597714645644,-0.000200265252992461
5.64,187.07601064188162,217.78099246474255,-2.706588279068942,1.5095129643375227,1.0,179.64395493758468,222.02765169001333,-2.9963370394703834,1.3439512011690717,0.1407101483285367,-1.415470883414391e-05,-0.032976425217200574,-2.5543166812614118,-5.382224483810728e-06,-5.7323028893828e-05,-0.0050084900634226525,-0.003795266118751364,0.010070508823467198,-0.00020038244628446076
5.66,187.07601064188162,217.78099246474255,-2.706588279068942,1.5095129643375227,1.0,179.64394496075397,222.0276601076081,-2.996337428430644,1.3439508729977332,0.1407101540020651,-1.4154641375843234e-05,-0.0329764478139176,-2.5543166052082142,-5.354924613564156e-06,-5.7375233662893286e-05,-0.0050084582916068805,-0.00379528646451513,0.010070420943717781,-0.00020049917437203423
5.68,187.07601064188162,217.78099246474255,-2.706588279068942,1.5095129643375227,1.0,179.64393498311986,222.02766852354682,-2.996337817422228,1.343950544890963,0.14071015967529754,-1.4154574845242744e-05,-0.03297647041082787,-2.554316529014713,-5.327754642853806e-06,-5.742723976440739e-05,-0.005008426922962563,-0.0037953067366159766,0.010070334071704427,-0.00020061543903282007
5.7,187.07601064188162,217.78099246474255,-2.706588279068942,1.5095129643375227,1.0,179.64392500468614,222.02767693783522,-2.996338206444985,1.3439502168485302,0.14071016534823505,-1.415450923826362e-05,-0.03297649300792887,-2.5543164526814657,-5.300714092930912e-06,-5.747904805039825e-05,-0.005008395955983004,-0.003795326935407446,0.010070248203418992,-0.0002007312421559753
5.72,187.07601064188162,217.78099246474255,-2.706588279068942,1.5095129643375227,1.0,179.64391502545672,222.0276853504792,-2.996338595498763,1.3439498888702057,0.14071017102087846,-1.4154444550698608e-05,-0.03297651560521819,-2.5543163762090235,-5.273802448834677e-06,-5.753065920958053e-05,-0.005008365389100799,-0.003795347061128167,0.010070163335137652,-0.0002008465854283926
5.74,187.07601064188162,217.78099246474255,-2.706588279068942,1.5095129643375227,1.0,179.64390504543545,222.02769376148476,-2.996338984583413,1.343949560955761,0.1407101766932287,-1.4154380778427234e-05,-0.03297653820269327,-2.5543162995979403,-5.2470192178868296e-06,-5.758207421166766e-05,-0.005008335220823051,-0.003795367113957519,0.010070079462835597,-0.00020096147094854797
5.76,187.07601064188162,217.78099246474255,-2.706588279068942,1.5095129643375227,1.0,179.6438950646262,222.02770217085757,-2.9963393736987833,1.3439492331049678,0.14071018236528657,-1.4154317917617147e-05,-0.03297656080035175,-2.5543162228487657,-5.2203639336986145e-06,-5.763329360245921e-05,-0.00500830544960286,-0.0037953870942224865,0.010069996582887283,-0.00020107590011213424
5.78,187.07601064188162,217.78099246474255,-2.706588279068942,1.5095129643375227,1.0,179.6438850830327,222.0277105786036,-2.996339762844728,1.3439489053175986,0.14071018803705304,-1.4154255963963892e-05,-0.03297658339819131,-2.5543161459620483,-5.1938359381384965e-06,-5.768431834306489e-05,-0.005008276073895304,-0.003795407002261624,0.010069914691514184,-0.0002011898752239683
5.8,187.07601064188162,217.78099246474255,-2.706588279068942,1.5095129643375227,1.0,179.64387510065885,222.0277189847286,-2.996340152021097,1.3439485775934272,0.14071019370852894,-1.415419491348932e-05,-0.03297660599620953,-2.5543160689383333,-5.16743495603694e-06,-5.7735148952042515e-05,-0.005008247092217713,-0.0037954268381748227,0.010069833784902397,-0.00020130339738545536
5.82,187.07601064188162,217.78099246474255,-2.706588279068942,1.5095129643375227,1.0,179.64386511750845,222.02772738923832,-2.996340541227741,1.3439482499322295,0.14071019937971518,-1.4154134762272564e-05,-0.03297662859440372,-2.5543159917781626,-5.141160408489941e-06,-5.778578642626702e-05,-0.005008218503070867,-0.003795446602334417,0.010069753859089977,-0.0002014164688486176
5.84,187.07601064188162,217.78099246474255,-2.706588279068942,1.5095129643375227,1.0,179.64385513358522,222.02773579213857,-2.9963409304645143,1.3439479223337794,0.14071020505061257,-1.4154075506293816e-05,-0.032976651192771926,-2.55431591448208,-5.115011726843977e-06,-5.7836231419145016e-05,-0.005008190304917897,-0.0037954662948555787,0.010069674910707387,-0.0002015290913261188
5.86,187.07601064188162,217.78099246474255,-2.706588279068942,1.5095129643375227,1.0,179.64384514889292,222.027744193435,-2.9963413197312696,1.3439475947978547,0.14071021072122208,-1.4154017141286808e-05,-0.032976673791311494,-2.554315837050622,-5.088988534919818e-06,-5.7886484656923285e-05,-0.005008162496267666,-0.0037954859162933783,0.010069596935588036,-0.00020164126636334218
5.88,187.07601064188162,217.78099246474255,-2.706588279068942,1.5095129643375227,1.0,179.64383516343537,222.02775259313344,-2.9963417090278606,1.3439472673242328,0.14071021639154443,-1.415395966378368e-05,-0.03297669639002002,-2.554315759484328,-5.063090274488326e-06,-5.793654695519272e-05,-0.005008135075657491,-0.0037955054665269584,0.010069519930392715,-0.00020175299592325882
5.9,187.07601064188162,217.78099246474255,-2.706588279068942,1.5095129643375227,1.0,179.64382517721626,222.0277609912395,-2.996342098354142,1.3439469399126909,0.14071022206158063,-1.4153903069525101e-05,-0.03297671898889539,-2.554315681783733,-5.037316405815122e-06,-5.798641910724112e-05,-0.005008108041564354,-0.0037955249461158213,0.010069443891213876,-0.00020186428187939274
5.92,187.07601064188162,217.78099246474255,-2.706588279068942,1.5095129643375227,1.0,179.6438151902393,222.0277693877588,-2.996342487709969,1.3439466125630084,0.14071022773133143,-1.4153847354564168e-05,-0.032976741587935045,-2.5543156039493686,-5.011666587095278e-06,-5.803610176898061e-05,-0.005008081392546431,-0.003795544355103359,0.010069368814331143,-0.00020197512564275642
5.94,187.07601064188162,217.78099246474255,-2.706588279068942,1.5095129643375227,1.0,179.6438052025082,222.02777778269714,-2.9963428770951963,1.3439462852749653,0.1407102334007977,-1.415379251536533e-05,-0.03297676418713679,-2.554315525981768,-4.986140244002402e-06,-5.8085595661295906e-05,-0.0050080551270944825,-0.0037955636938552775,0.010069294696200132,-0.00020208552903044666
5.96,187.07601064188162,217.78099246474255,-2.706588279068942,1.5095129643375227,1.0,179.64379521402668,222.02778617606,-2.996343266509681,1.3439459580483428,0.14071023906998026,-1.4153738547433206e-05,-0.03297678678649817,-2.5543154478814585,-4.96073690418289e-06,-5.8134901657054164e-05,-0.00500802924375721,-0.0037955829626550083,0.010069221532939002,-0.00020219549396083544
5.98,187.07601064188162,217.78099246474255,-2.706588279068942,1.5095129643375227,1.0,179.64378522479842,222.02779456785305,-2.996343655953278,1.3439456308829218,0.14071024473888002,-1.4153685447421434e-05,-0.03297680938601699,-2.5543153696489673,-4.935456120986649e-06,-5.8184020326467964e-05,-0.005008003741058714,-0.0037956021616304346,0.0100691493211216,-0.00020230502185171438
6.0,187.07601064188162,217.78099246474255,-2.706588279068942,1.5095129643375227,1.0,179.64377523482705,222.02780295808188,-2.996344045425846,1.3439453037784854,0.14071025040749777,-1.4153633211183503e-05,-0.03297683198569094,-2.5543152912848193,-4.9102973687217746e-06,-5.823295257843773e-05,-0.005007978617546169,-0.003795621291139937,0.0100690780569061,-0.00020241411474811101
6.02,187.07601064188162,217.78099246474255,-2.706588279068942,1.5095129643375227,1.0,179.64376524411625,222.02781134675195,-2.996344434927242,1.3439449767348164,0.14071025607583434,-1.4153581834965168e-05,-0.0329768545855176,-2.5543152127895383,-4.885260204980004e-06,-5.828169898528608e-05,-0.0050079538717702115,-0.0037956403513177365,0.010069007736913079,-0.000202522774066409
6.04,187.07601064188162,217.78099246474255,-2.706588279068942,1.5095129643375227,1.0,179.64375525266965,222.02781973386894,-2.9963448244573234,1.3439446497516991,0.1407102617438906,-1.415353131492887e-05,-0.0329768771854948,-2.554315134163643,-4.860344113997799e-06,-5.8330260390076084e-05,-0.005007929502267951,-0.003795659342641388,0.010068938357285027,-0.00020263100173063941
6.06,187.07601064188162,217.78099246474255,-2.706588279068942,1.5095129643375227,1.0,179.64374526049085,222.02782811943825,-2.996345214015951,1.3439443228289178,0.14071026741166728,-1.415348164744012e-05,-0.032976899785620316,-2.5543150554076552,-4.835548688198734e-06,-5.8378637480710244e-05,-0.005007905507610711,-0.003795678265089605,0.010068869914501215,-0.00020273879929553958
6.08,187.07601064188162,217.78099246474255,-2.706588279068942,1.5095129643375227,1.0,179.6437352675835,222.02783650346544,-2.996345603602983,1.3439439959662594,0.14071027307916534,-1.4153432828505152e-05,-0.03297692238589178,-2.5543149765220896,-4.810873420715801e-06,-5.842683092209075e-05,-0.005007881886354659,-0.0037956971190921856,0.010068802405046531,-0.0002028461683991812
6.1,187.07601064188162,217.78099246474255,-2.706588279068942,1.5095129643375227,1.0,179.64372527395116,222.02784488595597,-2.996345993218278,1.34394366916351,0.14071027874638542,-1.4153384854413108e-05,-0.03297694498630696,-2.55431489750746,-4.78631787630818e-06,-5.8474841518368426e-05,-0.005007858637076649,-0.0037957159047747628,0.01006873582521254,-0.0002029531108096134
6.12,187.07601064188162,217.78099246474255,-2.706588279068942,1.5095129643375227,1.0,179.64371527959742,222.0278532669153,-2.9963463828616983,1.3439433424204574,0.14071028441332847,-1.4153337721390651e-05,-0.032976967586863595,-2.55431481836428,-4.761881497466211e-06,-5.852267002020453e-05,-0.005007835758341247,-0.0037957346224373857,0.010068670171581317,-0.0002030596283734082
6.14,187.07601064188162,217.78099246474255,-2.706588279068942,1.5095129643375227,1.0,179.64370528452588,222.02786164634875,-2.996346772533104,1.3439430157368897,0.14071029007999525,-1.4153291425969917e-05,-0.03297699018755953,-2.554314739093063,-4.737563888162935e-06,-5.857031706470937e-05,-0.005007813248729834,-0.003795753272274444,0.010068605440580015,-0.00020316572254279073
6.16,187.07601064188162,217.78099246474255,-2.706588279068942,1.5095129643375227,1.0,179.64369528874005,222.02787002426192,-2.9963471622323565,1.3439426891125958,0.14071029574638655,-1.4153245964122426e-05,-0.0329770127883924,-2.554314659694315,-4.713364630959914e-06,-5.861778337170034e-05,-0.005007791106835736,-0.0037957718546136874,0.010068541628509786,-0.00020327139492345438
6.18,187.07601064188162,217.78099246474255,-2.706588279068942,1.5095129643375227,1.0,179.64368529224345,222.02787840066003,-2.9963475519593192,1.3439423625473657,0.14071030141250326,-1.4153201332305679e-05,-0.032977035389360164,-2.554314580168544,-4.689283174071318e-06,-5.8665069635044755e-05,-0.0050077693312371675,-0.0037957903696310908,0.010068478732137048,-0.00020337664727142885
6.2,187.07601064188162,217.78099246474255,-2.706588279068942,1.5095129643375227,1.0,179.6436752950397,222.0278867755486,-2.996347941713852,1.3439420360409904,0.14071030707834603,-1.4153157526758486e-05,-0.03297705799046054,-2.5543145005162544,-4.665319090105626e-06,-5.871217660766254e-05,-0.0050077479205255055,-0.0037958088176057413,0.010068416747760347,-0.0002034814812592885
6.22,187.07601064188162,217.78099246474255,-2.706588279068942,1.5095129643375227,1.0,179.6436652971322,222.02789514893288,-2.996348331495821,1.3439417095932606,0.14071031274391577,-1.4153114544006043e-05,-0.032977080591691285,-2.55431442073795,-4.64147194720755e-06,-5.875910501996039e-05,-0.005007726873322482,-0.003795827198678341,0.010068355671884738,-0.00020358589853779164
6.24,187.07601064188162,217.78099246474255,-2.706588279068942,1.5095129643375227,1.0,179.64365529852452,222.0279035208182,-2.9963487213050866,1.3439413832039695,0.14071031840921322,-1.4153072380150045e-05,-0.03297710319305034,-2.554314340834132,-4.617741256924385e-06,-5.8805855489209194e-05,-0.005007706188194973,-0.0037958455133005153,0.010068295501035393,-0.00020368990064542516
6.26,187.07601064188162,217.78099246474255,-2.706588279068942,1.5095129643375227,1.0,179.6436452992201,222.02791189120984,-2.9963491111415164,1.3439410568729102,0.1407103240742392,-1.415303103166188e-05,-0.03297712579453542,-2.5543142608052984,-4.594126544080895e-06,-5.8852428820796904e-05,-0.005007685863792639,-0.003795863761504195,0.010068236231847895,-0.00020379348941482214
6.28,187.07601064188162,217.78099246474255,-2.706588279068942,1.5095129643375227,1.0,179.64363529922244,222.0279202601132,-2.9963495010049725,1.3439407305998758,0.14071032973899444,-1.4152990495108397e-05,-0.03297714839614447,-2.5543141806519474,-4.5706274326865e-06,-5.889882557746646e-05,-0.005007665898710541,-0.003795881943612883,0.010068177860772526,-0.00020389666615090312
6.3,187.07601064188162,217.78099246474255,-2.706588279068942,1.5095129643375227,1.0,179.64362529853497,222.02792862753347,-2.996349890895322,1.3439404043846614,0.14071033540347977,-1.4152950766709316e-05,-0.032977170997875276,-2.554314100374574,-4.547243387863285e-06,-5.894504657742787e-05,-0.005007646291576998,-0.003795900059755906,0.010068120384477656,-0.0002039994327838197
6.32,187.07601064188162,217.78099246474255,-2.706588279068942,1.5095129643375227,1.0,179.64361529716118,222.0279369934758,-2.99635028081243,1.343940078227063,0.14071034106769592,-1.4152911842831884e-05,-0.03297719359972565,-2.554314019973672,-4.523974041607446e-06,-5.899109241973554e-05,-0.005007627041019655,-0.0037959181103085237,0.010068063799382323,-0.00020410179066357158
6.34,187.07601064188162,217.78099246474255,-2.706588279068942,1.5095129643375227,1.0,179.64360529510446,222.0279453579456,-2.996350670756161,1.343939752126877,0.14071034673164368,-1.4152873719987415e-05,-0.032977216201693485,-2.55431393944973,-4.500818889145676e-06,-5.903696382935934e-05,-0.00500760814564443,-0.0037959360956038783,0.010068008102047464,-0.0002042037415250071
6.36,187.07601064188162,217.78099246474255,-2.706588279068942,1.5095129643375227,1.0,179.64359529236827,222.02795372094798,-2.9963510607263832,1.3439394260839,0.1407103523953238,-1.4152836394699364e-05,-0.03297723880377675,-2.554313858803241,-4.4777774590290314e-06,-5.9082661503652705e-05,-0.005007589604111336,-0.0037959540156001044,0.010067953289344353,-0.00020430528703132737
6.38,187.07601064188162,217.78099246474255,-2.706588279068942,1.5095129643375227,1.0,179.643585288956,222.02796208248807,-2.9963514507229636,1.3439391000979302,0.1407103580587371,-1.4152799863555414e-05,-0.032977261405973096,-2.554313778034692,-4.454849425948723e-06,-5.9128186073570594e-05,-0.005007571415085329,-0.003795971870602738,0.01006789935765589,-0.000204406428527752
6.4,187.07601064188162,217.78099246474255,-2.706588279068942,1.5095129643375227,1.0,179.643575284871,222.02797044257116,-2.996351840745771,1.3439387741687658,0.1407103637218843,-1.4152764122665933e-05,-0.03297728400828073,-2.554313697144567,-4.43203418442771e-06,-5.917353835372961e-05,-0.005007553577157612,-0.0037959896610220206,0.010067846303591635,-0.00020450716802365815
6.43,187.07601064188162,217.78099246474255,-2.706588279068942,1.5095129643375227,1.0,179.64356528011666,222.0279788012023,-2.996352230794672,1.3439384482962073,0.1407103693847661,-1.4152729168847709e-05,-0.03297730661069724,-2.554313616133352,-4.409331468354207e-06,-5.9218718855605536e-05,-0.005007536089026961,-0.0037960073868209647,0.010067794123854149,-0.00020460750661197775
6.45,187.07601064188162,217.78099246474255,-2.706588279068942,1.5095129643375227,1.0,179.64355527469638,222.02798715838662,-2.9963526208695366,1.3439381224800548,0.14071037504738332,-1.4152694998533947e-05,-0.03297732921322077,-2.5543135350015267,-4.38674068276826e-06,-5.9263728330258264e-05,-0.005007518949313268,-0.0037960250484938922,0.010067742815148877,-0.00020470744618720984
6.47,187.07601064188162,217.78099246474255,-2.706588279068942,1.5095129643375227,1.0,179.6435452686135,222.0279955141292,-2.9963530109702337,1.3439377967201087,0.14071038070973668,-1.4152661608407787e-05,-0.032977351815849175,-2.5543134537495735,-4.364261469828076e-06,-5.930856746432146e-05,-0.00500750215670104,-0.003796042646077636,0.010067692374065256,-0.00020480698823730804
6.49,187.07601064188162,217.78099246474255,-2.706588279068942,1.5095129643375227,1.0,179.6435352618714,222.02800386843523,-2.9963534010966324,1.3439374710161707,0.140710386371827,-1.4152628994563981e-05,-0.032977374418580334,-2.5543133723779685,-4.3418933983135986e-06,-5.9353236893965814e-05,-0.0050074857098412785,-0.0037960601799438822,0.010067642797195688,-0.00020490613425863495
6.51,187.07601064188162,217.78099246474255,-2.706588279068942,1.5095129643375227,1.0,179.6435252544733,222.02801222130967,-2.996353791248604,1.3439371453680438,0.14071039203365493,-1.4152597154218517e-05,-0.03297739702141222,-2.5543132908871904,-4.3196360034802655e-06,-5.939773733013511e-05,-0.0050074696074367915,-0.0037960776501300003,0.010067594081429343,-0.00020500488592548437
6.53,187.07601064188162,217.78099246474255,-2.706588279068942,1.5095129643375227,1.0,179.6435152464226,222.02802057275764,-2.9963541814260197,1.3439368197755306,0.14071039769522126,-1.4152566083452262e-05,-0.03297741962434281,-2.5543132092777117,-4.297488898162842e-06,-5.944206933220574e-05,-0.005007453848135122,-0.003796095057028678,0.010067546223341288,-0.00020510324455320244
6.55,187.07601064188162,217.78099246474255,-2.706588279068942,1.5095129643375227,1.0,179.6435052377226,222.02802892278413,-2.996354571628749,1.3439364942384366,0.14071040335652663,-1.4152535779132334e-05,-0.03297744222737002,-2.5543131275500066,-4.275451577656544e-06,-5.948623371694194e-05,-0.005007438430617024,-0.0037961124008415647,0.01006749921960575,-0.00020520121202807247
6.57,187.07601064188162,217.78099246474255,-2.706588279068942,1.5095129643375227,1.0,179.64349522837657,222.02803727139408,-2.9963549618566647,1.3439361687565659,0.14071040901757192,-1.4152506237674584e-05,-0.03297746483049183,-2.554313045704545,-4.253523657494823e-06,-5.953023105758056e-05,-0.005007423353573291,-0.00379612968178199,0.010067453066981303,-0.00020529878969240885
6.6,187.07601064188162,217.78099246474255,-2.706588279068942,1.5095129643375227,1.0,179.64348521838775,222.02804561859256,-2.9963553521096395,1.3439358433297237,0.1407104146783577,-1.4152477455909681e-05,-0.03297748743370623,-2.5543129637417974,-4.231704708671782e-06,-5.95740620050538e-05,-0.005007408615706839,-0.0037961468999766494,0.010067407762304043,-0.0002053959790745939
6.62,187.07601064188162,217.78099246474255,-2.706588279068942,1.5095129643375227,1.0,179.64347520775948,222.02805396438458,-2.996355742387545,1.3439355179577166,0.1407104203388848,-1.4152449430527714e-05,-0.03297751003701109,-2.55431288166223,-4.209994388077224e-06,-5.961772719124657e-05,-0.005007394215728447,-0.0037961640556705627,0.010067363302153628,-0.0002054927815506838
6.64,187.07601064188162,217.78099246474255,-2.706588279068942,1.5095129643375227,1.0,179.64346519649496,222.02806230877496,-2.9963561326902557,1.3439351926403527,0.14071042599915395,-1.4152422157873364e-05,-0.03297753264040457,-2.5543127994663073,-4.188392111508323e-06,-5.966122732641515e-05,-0.005007380152294167,-0.0037961811492411737,0.010067319683431252,-0.00020558919894345185
6.67,187.07601064188162,217.78099246474255,-2.706588279068942,1.5095129643375227,1.0,179.6434551845974,222.0280706517687,-2.9963565230176448,1.3439348673774387,0.1407104316591658,-1.4152395634924837e-05,-0.0329775552438846,-2.5543127171544953,-4.166897530720102e-06,-5.9704563092746716e-05,-0.0050073664241415,-0.0037961981807605872,0.010067276902817486,-0.00020568523272218242
6.69,187.07601064188162,217.78099246474255,-2.706588279068942,1.5095129643375227,1.0,179.6434451720701,222.0280789933707,-2.996356913369587,1.3439345421687832,0.1407104373189211,-1.4152369858181292e-05,-0.03297757784744919,-2.5543126347272547,-4.145510234542654e-06,-5.9747735029182155e-05,-0.005007353029959871,-0.0037962151505729724,0.010067234957119288,-0.00020578088420776874
6.71,187.07601064188162,217.78099246474255,-2.706588279068942,1.5095129643375227,1.0,179.6434351589162,222.0280873335859,-2.9963573037459574,1.343934217014196,0.14071044297842056,-1.4152344824457781e-05,-0.03297760045109638,-2.554312552185045,-4.124229831436207e-06,-5.97907438201352e-05,-0.005007339968489995,-0.0037962320587882443,0.010067193843118376,-0.00020587615493148828
6.73,187.07601064188162,217.78099246474255,-2.706588279068942,1.5095129643375227,1.0,179.6434251451389,222.02809567241906,-2.996357694146631,1.3439338919134867,0.14071044863766488,-1.4152320530519025e-05,-0.03297762305482425,-2.5543124695283255,-4.103055825478122e-06,-5.983359014762312e-05,-0.005007327238428006,-0.0037962489056677135,0.010067153557687057,-0.0002059710465569281
6.75,187.07601064188162,217.78099246474255,-2.706588279068942,1.5095129643375227,1.0,179.6434151307415,222.02810400987514,-2.996358084571482,1.3439335668664663,0.14071045429665474,-1.4152296972973525e-05,-0.0329776456586307,-2.5543123867575517,-4.0819878819789825e-06,-5.987627457640943e-05,-0.005007314838526572,-0.003796265691368636,0.010067114097647238,-0.0002060655603499572
6.77,187.07601064188162,217.78099246474255,-2.706588279068942,1.5095129643375227,1.0,179.64340511572703,222.02811234595893,-2.9963584750203887,1.3439332418729466,0.1407104599553909,-1.4152274148976525e-05,-0.03297766826251386,-2.5543123038731794,-4.061025562426932e-06,-5.9918797836619475e-05,-0.005007302767517859,-0.0037962824160220174,0.01006707545980127,-0.00020615969797643696
6.79,187.07601064188162,217.78099246474255,-2.706588279068942,1.5095129643375227,1.0,179.64339510009876,222.02812068067522,-2.9963588654932267,1.3439329169327399,0.140710465613874,-1.4152252054634925e-05,-0.03297769086647184,-2.554312220875661,-4.040168395817224e-06,-5.9961160504051216e-05,-0.005007291024079659,-0.003796299080212526,0.010067037640889079,-0.00020625346088730908
6.81,187.07601064188162,217.78099246474255,-2.706588279068942,1.5095129643375227,1.0,179.64338508385976,222.02812901402885,-2.996359255989873,1.3439325920456588,0.14071047127210476,-1.4152230687149095e-05,-0.03297771347050251,-2.5543121377654474,-4.0194160450091705e-06,-6.000336320573192e-05,-0.005007279607015107,-0.0037963156838752453,0.01006700063789437,-0.00020634685045967753
6.83,187.07601064188162,217.78099246474255,-2.706588279068942,1.5095129643375227,1.0,179.64337506701324,222.02813734602458,-2.9963596465102054,1.3439322672115182,0.14071047693008384,-1.415221004318829e-05,-0.032977736074604115,-2.5543120545429874,-3.998768109366325e-06,-6.004540657488091e-05,-0.0050072685150443184,-0.00379633222725252,0.01006696444757742,-0.0002064398681517868
6.85,187.07601064188162,217.78099246474255,-2.706588279068942,1.5095129643375227,1.0,179.6433650495623,222.02814567666712,-2.9963600370541017,1.3439319424301313,0.14071048258781196,-1.4152190119867831e-05,-0.03297775867877473,-2.5543119712087314,-3.978224104270482e-06,-6.008729124818584e-05,-0.00500725774692652,-0.0037963487104507136,0.010066929067102005,-0.0002065325155505693
6.87,187.07601064188162,217.78099246474255,-2.706588279068942,1.5095129643375227,1.0,179.64335503151003,222.0281540059613,-2.9963604276214415,1.3439316177013139,0.1407104882452898,-1.415217091358621e-05,-0.032977781283012396,-2.554311887763124,-3.957783650334148e-06,-6.0129017877252053e-05,-0.0050072473013917295,-0.0037963651339268665,0.010066894493036598,-0.00020662479410576336
6.89,187.07601064188162,217.78099246474255,-2.706588279068942,1.5095129643375227,1.0,179.64334501285953,222.0281623339118,-2.9963608182121035,1.3439312930248812,0.14071049390251805,-1.415215242163926e-05,-0.03297780388731515,-2.5543118042066104,-3.937446404102133e-06,-6.017058702968811e-05,-0.00500723717723954,-0.0037963814976520014,0.010066860722449474,-0.00020671670510939678
6.91,187.07601064188162,217.78099246474255,-2.706588279068942,1.5095129643375227,1.0,179.64333499361396,222.0281706605233,-2.996361208825967,1.3439309684006508,0.1407104995594973,-1.4152134640371664e-05,-0.032977826491681274,-2.5543117205396317,-3.917211829020453e-06,-6.021199938374447e-05,-0.0050072273731687125,-0.0037963978020793838,0.010066827752223284,-0.000206808250268189
6.93,187.07601064188162,217.78099246474255,-2.706588279068942,1.5095129643375227,1.0,179.64332497377632,222.02817898580054,-2.9963615994629116,1.3439306438284395,0.14071050521622838,-1.4152117566978584e-05,-0.0329778490961087,-2.5543116367626295,-3.897079668726687e-06,-6.025325549439628e-05,-0.005007217888005945,-0.003796414047284963,0.010066795579211672,-0.0002068994307316843
6.95,187.07601064188162,217.78099246474255,-2.706588279068942,1.5095129643375227,1.0,179.6433149533615,222.0281873097558,-2.9963619901223586,1.3439303193077672,0.1407105108724008,-1.4152102010309184e-05,-0.03297787170161465,-2.554311552877128,-3.877186502802246e-06,-6.029434253515157e-05,-0.005007208682562749,-0.0037964302352934175,0.010066763750165896,-0.00020699003578336192
6.97,187.07601064188162,217.78099246474255,-2.706588279068942,1.5095129643375227,1.0,179.64330493238947,222.02819563239095,-2.99636238080353,1.343929994838559,0.14071051652740538,-1.415208889757308e-05,-0.03297789430944208,-2.554311468884289,-3.857711341508064e-06,-6.033504283306298e-05,-0.005007199443134135,-0.003796447456118665,0.010066730703409653,-0.00020707942189874583
6.99,187.07601064188162,217.78099246474255,-2.706588279068942,1.5095129643375227,1.0,179.6432949108486,222.02820395368926,-2.996362771506877,1.3439296704214703,0.14071052218213806,-1.415207627177495e-05,-0.03297791691732609,-2.5543113847824612,-3.8383350143241565e-06,-6.0375585086800966e-05,-0.005007190485165263,-0.003796464777207035,0.010066698279162626,-0.0002071684373685037
7.01,187.07601064188162,217.78099246474255,-2.706588279068942,1.5095129643375227,1.0,179.64328488874366,222.02821227365828,-2.9963631622322158,1.3439293460562072,0.14071052783662208,-1.4152064332584191e-05,-0.03297793952521171,-2.554311300572344,-3.819056854572223e-06,-6.041597538877872e-05,-0.005007181843435047,-0.0037964820318735436,0.010066666654474442,-0.0002072571007991986
7.03,187.07601064188162,217.78099246474255,-2.706588279068942,1.5095129643375227,1.0,179.64327486607755,222.02822059230266,-2.9963635529794335,1.343929021742586,0.14071053349085838,-1.415205307392423e-05,-0.032977962133097,-2.5543112162543737,-3.799876839867284e-06,-6.045621366254877e-05,-0.005007173516689104,-0.003796499222239045,0.010066635825171097,-0.00020734541195441275
7.05,187.07601064188162,217.78099246474255,-2.706588279068942,1.5095129643375227,1.0,179.6432648428532,222.02822890962707,-2.9963639437484133,1.3439286974804263,0.14071053914484763,-1.4152042493028415e-05,-0.032977984740980265,-2.5543111318289817,-3.780794642702979e-06,-6.049630051809283e-05,-0.00500716550374596,-0.0037965163485298727,0.010066605788102569,-0.0002074333721612064
7.07,187.07601064188162,217.78099246474255,-2.706588279068942,1.5095129643375227,1.0,179.64325481907355,222.02823722563616,-2.9963643345390434,1.343928373269546,0.14071054479859055,-1.4152032586828087e-05,-0.03297800734886019,-2.5543110472965984,-3.7618098083185133e-06,-6.053623650776563e-05,-0.005007157803353217,-0.003796533410975502,0.010066576540386086,-0.00020752098282910832
7.09,187.07601064188162,217.78099246474255,-2.706588279068942,1.5095129643375227,1.0,179.64324479474152,222.02824554033447,-2.9963647253512087,1.3439280491097665,0.14071055045208775,-1.4152023352330958e-05,-0.03297802995673484,-2.554310962657651,-3.742922083380942e-06,-6.057602225288883e-05,-0.005007150414364861,-0.0037965504096742213,0.010066548078812637,-0.0002076082452071189
7.11,187.07601064188162,217.78099246474255,-2.706588279068942,1.5095129643375227,1.0,179.64323476985996,222.0282538537267,-2.996365116184797,1.3439277250009078,0.14071055610533997,-1.4152014786543e-05,-0.032978052564602865,-2.5543108779125645,-3.7241310050189873e-06,-6.061565824782677e-05,-0.005007143335533073,-0.0037965673450388927,0.010066520400518812,-0.0002076951606191778
7.13,187.07601064188162,217.78099246474255,-2.706588279068942,1.5095129643375227,1.0,179.64322474447363,222.02826216584913,-2.9963655070380653,1.3439274009415545,0.14071056175802657,-1.4152003213587578e-05,-0.032978075174491944,-2.554310793065974,-3.705834419504635e-06,-6.0655125507654164e-05,-0.00500713666366609,-0.0037965824812847123,0.010066493711532358,-0.00020778122167468255
7.15,187.07601064188162,217.78099246474255,-2.706588279068942,1.5095129643375227,1.0,179.64321471859165,222.02827047669243,-2.9963658979106564,1.343927076932069,0.14071056741008436,-1.4151990239773984e-05,-0.032978097785617014,-2.554310708117956,-3.6878881516113314e-06,-6.0694308226589026e-05,-0.005007130293539197,-0.0037965959733852334,0.010066468245090393,-0.00020786643626117214
7.17,187.07601064188162,217.78099246474255,-2.706588279068942,1.5095129643375227,1.0,179.6432046921922,222.02827878622548,-2.9963662888034217,1.3439267529736645,0.14071057306188262,-1.415197793005266e-05,-0.03297812039668082,-2.5543106230654526,-3.6700389901552855e-06,-6.073333674530833e-05,-0.005007124226306442,-0.003796609391969592,0.010066443555959717,-0.0002079512963387385
7.19,187.07601064188162,217.78099246474255,-2.706588279068942,1.5095129643375227,1.0,179.64319466527763,222.02828709445214,-2.9963666797162714,1.3439264290661947,0.14071057871342812,-1.4151966296276468e-05,-0.03297814300766843,-2.554310537908803,-3.652282737312334e-06,-6.0772218465954996e-05,-0.005007118463841639,-0.0037966227594911925,0.010066419634934093,-0.00020803581843361737
7.21,187.07601064188162,217.78099246474255,-2.706588279068942,1.5095129643375227,1.0,179.6431846378506,222.0282954013768,-2.9963670706490997,1.3439261052094817,0.14071058436472172,-1.4151955336272357e-05,-0.03297816561857858,-2.5543104526484255,-3.6346188752049615e-06,-6.0810954078547566e-05,-0.00500711300501098,-0.0037966360760258644,0.010066396479464695,-0.0002081200042684314
7.23,187.07601064188162,217.78099246474255,-2.706588279068942,1.5095129643375227,1.0,179.6431746099139,222.02830370700414,-2.996367461601798,1.343925781403348,0.14071059001576403,-1.4151945046879678e-05,-0.032978188229410024,-2.554310367284734,-3.617047132021406e-06,-6.0849544152403285e-05,-0.005007107848631182,-0.0037966493418805525,0.010066374086261898,-0.00020820385502705912
7.25,187.07601064188162,217.78099246474255,-2.706588279068942,1.5095129643375227,1.0,179.64316458147022,222.0283120113386,-2.9963678525742607,1.3439254576476172,0.14071059566655575,-1.4151935425463685e-05,-0.03297821084016124,-2.5543102818181422,-3.5995671330404716e-06,-6.08879892228621e-05,-0.005007102993570124,-0.00379666255711534,0.010066352452648806,-0.00020828737199498476
7.27,187.07601064188162,217.78099246474255,-2.706588279068942,1.5095129643375227,1.0,179.64315455252236,222.02832031438479,-2.9963682435663803,1.3439251339421128,0.14071060131709756,-1.4151926468922747e-05,-0.03297823345083106,-2.5543101962490633,-3.582178549086019e-06,-6.0926289839051135e-05,-0.005007098438647628,-0.0037966757218984813,0.010066331575617067,-0.0002083705564094776
7.29,187.07601064188162,217.78099246474255,-2.706588279068942,1.5095129643375227,1.0,179.643144523073,222.02832861614715,-2.9963686345780514,1.34392481028666,0.14071060696739013,-1.4151918174285398e-05,-0.032978256061418104,-2.5543101105779047,-3.5648809830025408e-06,-6.096444664125395e-05,-0.005007094182702424,-0.003796688836588158,0.010066311452130427,-0.0002084534097369341
7.31,187.07601064188162,217.78099246474255,-2.706588279068942,1.5095129643375227,1.0,179.64313449312485,222.02833691663022,-2.996369025609168,1.3439244866810833,0.14071061261743414,-1.4151910538670435e-05,-0.03297827867192128,-2.554310024805077,-3.5476740405439864e-06,-6.100246018689103e-05,-0.005007090224579666,-0.003796701901192273,0.010066292079504076,-0.00020853593332489424
7.33,187.07601064188162,217.78099246474255,-2.706588279068942,1.5095129643375227,1.0,179.64312446268062,222.0283452158384,-2.996369416659625,1.3439241631252095,0.14071061826723028,-1.4151903559408398e-05,-0.03297830128233915,-2.5543099389309862,-3.5305574439708273e-06,-6.10403310200749e-05,-0.0050070865631495955,-0.0037967149158476,0.01006627345473963,-0.00020861812833568392
7.35,187.07601064188162,217.78099246474255,-2.706588279068942,1.5095129643375227,1.0,179.64311443174293,222.02835351377615,-2.996369807729319,1.343923839618864,0.14071062391677916,-1.4151897233345586e-05,-0.032978323892670525,-2.55430985295604,-3.5135307876176533e-06,-6.10780597166667e-05,-0.005007083197240369,-0.0037967278808507827,0.010066255574940088,-0.0002086999961492711
7.37,187.07601064188162,217.78099246474255,-2.706588279068942,1.5095129643375227,1.0,179.64310440031463,222.0283618104479,-2.996370198818144,1.3439235161618748,0.14071062956608144,-1.4151891557777826e-05,-0.032978346502914105,-2.5543097668806403,-3.496593747450696e-06,-6.111564676549434e-05,-0.005007080125731252,-0.0037967407963070817,0.010066238437366044,-0.0002087815379078217
7.39,187.07601064188162,217.78099246474255,-2.706588279068942,1.5095129643375227,1.0,179.6430943683982,222.02837010585813,-2.9963705899259967,1.3439231927540698,0.14071063521513782,-1.4151886529624312e-05,-0.0329783691130686,-2.554309680705188,-3.479745981484943e-06,-6.115309279992211e-05,-0.005007077347472057,-0.0037967536626024884,0.01006622203885129,-0.00020886275499031894
7.41,187.07601064188162,217.78099246474255,-2.706588279068942,1.5095129643375227,1.0,179.64308433599632,222.0283784000111,-2.9963709810527748,1.343922869395278,0.14071064086394894,-1.415188214635965e-05,-0.03297839172313285,-2.5543095944300855,-3.4629871078334894e-06,-6.119039837520818e-05,-0.005007074861341541,-0.003796766479518246,0.01006620637689836,-0.00020894364873436932
7.43,187.07601064188162,217.78099246474255,-2.706588279068942,1.5095129643375227,1.0,179.64307430311172,222.0283866929113,-2.996371372198373,1.3439225460853288,0.14071064651251544,-1.4151878405029731e-05,-0.0329784143331055,-2.554309508055732,-3.446316785909293e-06,-6.122756401488505e-05,-0.005007072666209016,-0.0037967792475277406,0.010066191448513371,-0.00020902422034422476
7.45,187.07601064188162,217.78099246474255,-2.706588279068942,1.5095129643375227,1.0,179.643064269747,222.02839498456305,-2.9963717633626907,1.3439222228240513,0.14071065216083797,-1.415187530299461e-05,-0.03297843694298545,-2.554309421582526,-3.4297346586652797e-06,-6.126459028544143e-05,-0.005007070760948225,-0.003796791966603757,0.010066177250985676,-0.00020910447113303048
7.47,187.07601064188162,217.78099246474255,-2.706588279068942,1.5095129643375227,1.0,179.64305423590477,222.0284032749707,-2.996372154545624,1.343921899611277,0.1407106578089172,-1.415187283707975e-05,-0.032978459552771296,-2.5543093350108625,-3.4132403971669787e-06,-6.130147775339478e-05,-0.005007069144438445,-0.0037968046370993463,0.010066163781314948,-0.0002091844023608085
7.49,187.07601064188162,217.78099246474255,-2.706588279068942,1.5095129643375227,1.0,179.64304420158766,222.02841156413862,-2.9963725457470707,1.3439215764468373,0.14071066345675376,-1.4151871004844805e-05,-0.03297848216246193,-2.5543092483411356,-3.3968336651076696e-06,-6.133822688128579e-05,-0.005007067815559992,-0.00379681725910579,0.01006615103684943,-0.00020926401514648863
7.51,187.07601064188162,217.78099246474255,-2.706588279068942,1.5095129643375227,1.0,179.64303416679823,222.02841985207104,-2.9963729369669303,1.3439212533305638,0.14071066910434826,-1.4151869803425927e-05,-0.03297850477205598,-2.5543091615737388,-3.3805141110968863e-06,-6.137483836321186e-05,-0.005007066773243522,-0.0037968298326437424,0.01006613901476674,-0.00020934331099465743
7.53,187.07601064188162,217.78099246474255,-2.706588279068942,1.5095129643375227,1.0,179.64302413153914,222.02842813877228,-2.9963733282051024,1.3439209302622883,0.1407106747517014,-1.4151869229844709e-05,-0.03297852738155246,-2.554309074709064,-3.3642814017710836e-06,-6.141131261250691e-05,-0.005007066016323877,-0.0037968423581667857,0.010066127712159366,-0.00020942229092749812
7.55,187.07601064188162,217.78099246474255,-2.706588279068942,1.5095129643375227,1.0,179.6430140958129,222.02843642424668,-2.996373719461484,1.3439206072418455,0.14071068039881376,-1.4151869281695516e-05,-0.03297854999094994,-2.5543089877475005,-3.3481351823937307e-06,-6.144765019677265e-05,-0.005007065543736717,-0.003796854835661962,0.010066117126453448,-0.00020950095625941553
7.57,187.07601064188162,217.78099246474255,-2.706588279068942,1.5095129643375227,1.0,179.6430040596222,222.0284447084984,-2.996374110735976,1.3439202842690685,0.140710686045686,-1.4151869955953083e-05,-0.03297857260024727,-2.554308900689436,-3.3320751151658112e-06,-6.148385172197106e-05,-0.005007065354377015,-0.003796867265251872,0.010066107254784261,-0.00020957930833362477
7.59,187.07601064188162,217.78099246474255,-2.706588279068942,1.5095129643375227,1.0,179.6429940229695,222.02845299153176,-2.9963745020284795,1.3439199613437924,0.1407106916923187,-1.4151871250203097e-05,-0.032978595209443386,-2.5543088135352603,-3.3161008451366644e-06,-6.15199176488181e-05,-0.005007065447135217,-0.0037968796471787407,0.010066098094489436,-0.0002096573482867501
7.62,187.07601064188162,217.78099246474255,-2.706588279068942,1.5095129643375227,1.0,179.6429839858574,222.02846127335087,-2.996374893338894,1.3439196384658523,0.14071069733871255,-1.4151873161441119e-05,-0.03297861781853692,-2.554308726285356,-3.3002120900922595e-06,-6.155584853988032e-05,-0.005007065820941704,-0.003796891981646506,0.010066089642661643,-0.00020973507731660988
7.64,187.07601064188162,217.78099246474255,-2.706588279068942,1.5095129643375227,1.0,179.64297394828841,222.0284695539601,-2.996375284667119,1.3439193156350833,0.14071070298486812,-1.415187568726846e-05,-0.032978640427526754,-2.5543086389401086,-3.284408504500508e-06,-6.159164487372975e-05,-0.005007066474704443,-0.003796904268697604,0.010066081896745467,-0.00020981249658313182
7.67,187.07601064188162,217.78099246474255,-2.706588279068942,1.5095129643375227,1.0,179.64296391026508,222.02847783336358,-2.996375676013058,1.3439189928513227,0.14071070863078608,-1.4151878824776139e-05,-0.032978663036411636,-2.5543085514998993,-3.2686896985768517e-06,-6.16273073278701e-05,-0.0050070674073434684,-0.0037969165086230326,0.01006607485386427,-0.00020988960760728417
7.69,187.07601064188162,217.78099246474255,-2.706588279068942,1.5095129643375227,1.0,179.64295387178998,222.02848611156546,-2.9963760673766098,1.3439186701144075,0.14071071427646697,-1.4151882571400578e-05,-0.03297868564519042,-2.5543084639651106,-3.253055377857401e-06,-6.166283627312674e-05,-0.005007068617776823,-0.0037969287015006937,0.010066068511502201,-0.00020996641131036661
7.71,187.07601064188162,217.78099246474255,-2.706588279068942,1.5095129643375227,1.0,179.64294383286554,222.0284943885699,-2.996376458757679,1.3439183474241752,0.14071071992191153,-1.4151886924234533e-05,-0.032978708253861996,-2.5543083763361203,-3.2375051846764364e-06,-6.169823232404626e-05,-0.0050070701049161025,-0.003796940847661661,0.010066062866752273,-0.00021004290906927832
7.73,187.07601064188162,217.78099246474255,-2.706588279068942,1.5095129643375227,1.0,179.6429337934943,222.0285026643811,-2.996376850156167,1.3439180247804634,0.14071072556712022,-1.415189188092965e-05,-0.032978730862425136,-2.5543082886133077,-3.2220388333299883e-06,-6.173349596536962e-05,-0.005007071867725979,-0.0037969529469869946,0.010066057917120622,-0.00021011910198008368
7.76,187.07601064188162,217.78099246474255,-2.706588279068942,1.5095129643375227,1.0,179.6429237536788,222.02851093900316,-2.9963772415719774,1.3439177021831128,0.14071073121209376,-1.4151897438990039e-05,-0.03297875347087869,-2.5543082007970503,-3.20665595041189e-06,-6.176862775300525e-05,-0.005007073905123867,-0.0037969649997809723,0.010066053659869933,-0.00021019499135173435
7.79,187.07601064188162,217.78099246474255,-2.706588279068942,1.5095129643375227,1.0,179.64291371342145,222.02851921244016,-2.996377633005012,1.3439173796319621,0.1407107368568327,-1.4151903595182153e-05,-0.032978776079221436,-2.554308112887721,-3.1913562445081128e-06,-6.180362814486366e-05,-0.00500707621602804,-0.0037969770063379952,0.01006605009220523,-0.0002102705782282428
7.81,187.07601064188162,217.78099246474255,-2.706588279068942,1.5095129643375227,1.0,179.64290367272477,222.02852748469624,-2.9963780244551743,1.343917057126851,0.14071074250133767,-1.4151910347478732e-05,-0.03297879868745234,-2.554308024885696,-3.17613942042304e-06,-6.183849771179323e-05,-0.005007078799433834,-0.003796988966469958,0.010066047211634645,-0.0002103458638567314
7.83,187.07601064188162,217.78099246474255,-2.706588279068942,1.5095129643375227,1.0,179.64289363159125,222.02853575577547,-2.996378415922369,1.343916734667622,0.14071074814560924,-1.4151917693149576e-05,-0.032978821295570206,-2.554307936791344,-3.161005062899975e-06,-6.187323689877178e-05,-0.0050070816542308145,-0.003797000880695579,0.010066045015521344,-0.00021042084942209327
7.85,187.07601064188162,217.78099246474255,-2.706588279068942,1.5095129643375227,1.0,179.64288359002327,222.02854402568192,-2.9963788074065,1.3439164122541154,0.14071075378964806,-1.4151925629273554e-05,-0.03297884390357375,-2.554307848605038,-3.1459528542519604e-06,-6.190784642288408e-05,-0.005007084779396121,-0.0037970127490938514,0.010066043500992534,-0.0002104955364183146
7.87,187.07601064188162,217.78099246474255,-2.706588279068942,1.5095129643375227,1.0,179.64287354802337,222.02855229441965,-2.9963791989074706,1.3439160898861733,0.14071075943345468,-1.415193415360645e-05,-0.03297886651146198,-2.5543077603271467,-3.1309826102528812e-06,-6.194232651032098e-05,-0.0050070881738955,-0.003797024571658401,0.010066042665633148,-0.00021056992539572033
7.89,187.07601064188162,217.78099246474255,-2.706588279068942,1.5095129643375227,1.0,179.6428635055939,222.0285605619927,-2.9963795904251884,1.3439157675636388,0.14071076507702968,-1.4151943263529143e-05,-0.03297888911923375,-2.5543076719580387,-3.1160938549431878e-06,-6.197667791473744e-05,-0.00500709183667736,-0.003797036348624131,0.01006604250678285,-0.00021064401811621142
7.91,187.07601064188162,217.78099246474255,-2.706588279068942,1.5095129643375227,1.0,179.64285346273738,222.028568828405,-2.996379981959556,1.3439154452863549,0.1407107707203737,-1.4151952956469377e-05,-0.03297891172688793,-2.5543075834980793,-3.1012863617312396e-06,-6.201090097100208e-05,-0.00500709576669603,-0.003797048080217203,0.010066043021798999,-0.000210717815347804
7.93,187.07601064188162,217.78099246474255,-2.706588279068942,1.5095129643375227,1.0,179.64284341945617,222.02857709366063,-2.996380373510482,1.3439151230541666,0.14071077636348725,-1.4151963229771578e-05,-0.03297893433442337,-2.5543074949476328,-3.086559727180421e-06,-6.204499631212929e-05,-0.00500709996291617,-0.0037970597666126733,0.01006604420809456,-0.00021079131856812066
7.95,187.07601064188162,217.78099246474255,-2.706588279068942,1.5095129643375227,1.0,179.64283337575264,222.02858535776355,-2.9963807650778693,1.3439148008669177,0.14071078200637102,-1.4151974081186326e-05,-0.03297895694183893,-2.554307406307065,-3.0719136772946283e-06,-6.207896435535222e-05,-0.005007104424329155,-0.0037970714077946582,0.010066046063258316,-0.0002108645287497694
7.97,187.07601064188162,217.78099246474255,-2.706588279068942,1.5095129643375227,1.0,179.64282333162927,222.02859362071777,-2.996381156661627,1.343914478724453,0.1407107876490255,-1.415198550788101e-05,-0.03297897954913351,-2.554307317576737,-3.05734792953663e-06,-6.211280563966548e-05,-0.005007109149899183,-0.003797083004074494,0.010066048584441767,-0.00021093744705217584
7.99,187.07601064188162,217.78099246474255,-2.706588279068942,1.5095129643375227,1.0,179.64281328708842,222.02860188252723,-2.9963815482616605,1.3439141566266186,0.1407107932914513,-1.415199750765307e-05,-0.03297900215630605,-2.5543072287570103,-3.0428621514203263e-06,-6.214652062471685e-05,-0.005007114138607149,-0.003797094555469896,0.010066051769279452,-0.00021101007459275076
8.01,187.07601064188162,217.78099246474255,-2.706588279068942,1.5095129643375227,1.0,179.64280324213246,222.02861014319586,-2.9963819398778764,1.3439138345732609,0.140710798933649,-1.4152010077810486e-05,-0.032979024763355416,-2.5543071398482433,-3.028456002544832e-06,-6.218010983684478e-05,-0.005007119389410616,-0.0037971060623693256,0.010066055615040804,-0.00021108241258790297
8.03,187.07601064188162,217.78099246474255,-2.706588279068942,1.5095129643375227,1.0,179.64279319676376,222.0286184027276,-2.9963823315101843,1.343913512564227,0.14071080457561916,-1.4152023215739345e-05,-0.03297904737028046,-2.5543070508507943,-3.0141291739852784e-06,-6.221357383960348e-05,-0.005007124901334997,-0.003797117524684928,0.010066060119298401,-0.00021115446229019616
8.05,187.07601064188162,217.78099246474255,-2.706588279068942,1.5095129643375227,1.0,179.6427831509847,222.0286266611263,-2.9963827231584905,1.3439131905993644,0.14071081021736237,-1.4152036919204108e-05,-0.03297906997708018,-2.5543069617650196,-2.9998813886497307e-06,-6.224691303713262e-05,-0.005007130673342413,-0.0037971289427127415,0.010066065279413136,-0.0002112262246427009
8.07,187.07601064188162,217.78099246474255,-2.706588279068942,1.5095129643375227,1.0,179.64277310479764,222.02863491839594,-2.9963831148227036,1.3439128686785213,0.1407108158588792,-1.4152051185700209e-05,-0.03297909258375334,-2.5543068725912748,-2.9857123080494034e-06,-6.228012791719347e-05,-0.005007136704447925,-0.003797140316524185,0.010066071093042903,-0.0002112977008145203
8.09,187.07601064188162,217.78099246474255,-2.706588279068942,1.5095129643375227,1.0,179.64276305820493,222.02864317454035,-2.9963835065027316,1.3439125468015465,0.14071082150017014,-1.4152066012636295e-05,-0.03297911519029903,-2.5543067833299125,-2.971621634158912e-06,-6.231321900462982e-05,-0.005007142993618138,-0.0037971516463634453,0.010066077557450573,-0.0002113688919672376
8.11,187.07601064188162,217.78099246474255,-2.706588279068942,1.5095129643375227,1.0,179.64275301120887,222.02865142956338,-2.9963838981984847,1.3439122249682893,0.14071082714123587,-1.415208139775253e-05,-0.03297913779671608,-2.5543066939812857,-2.957609056789207e-06,-6.234618677125562e-05,-0.0050071495398768566,-0.0037971629323160718,0.010066084670255339,-0.00021143979920604355
8.13,187.07601064188162,217.78099246474255,-2.706588279068942,1.5095129643375227,1.0,179.64274296381177,222.02865968346896,-2.996384289909872,1.3439119031785993,0.14071083278207688,-1.415209733864675e-05,-0.03297916040300344,-2.554306604545747,-2.9436742398289417e-06,-6.23790318021859e-05,-0.005007156342244499,-0.003797174174413928,0.01006609242898591,-0.00021151042384970234
8.15,187.07601064188162,217.78099246474255,-2.706588279068942,1.5095129643375227,1.0,179.642732916016,222.02866793626083,-2.996384681636803,1.3439115814323273,0.14071083842269372,-1.4152113832479405e-05,-0.032979183009160036,-2.554306515023644,-2.9298169158556387e-06,-6.241175441357345e-05,-0.005007163399676736,-0.0037971853731446864,0.010066100830990491,-0.00021158076668364013
8.17,187.07601064188162,217.78099246474255,-2.706588279068942,1.5095129643375227,1.0,179.64272286782384,222.02867618794284,-2.996385073379187,1.343911259729324,0.14071084406308698,-1.4152130877551275e-05,-0.03297920561518475,-2.5543064254153274,-2.916036818471175e-06,-6.244435518100206e-05,-0.005007170711263553,-0.00379719652819818,0.01006610987399691,-0.00021165082893234656
8.19,187.07601064188162,217.78099246474255,-2.706588279068942,1.5095129643375227,1.0,179.64271281923766,222.02868443851884,-2.996385465136934,1.3439109380694416,0.1407108497032572,-1.4152148470878754e-05,-0.03297922822107656,-2.554306335721141,-2.902333549446249e-06,-6.24768346315159e-05,-0.005007178275959963,-0.0037972076401108705,0.01006611955533807,-0.00021172061188744573
8.21,187.07601064188162,217.78099246474255,-2.706588279068942,1.5095129643375227,1.0,179.6427027702596,222.02869268799253,-2.9963858569099564,1.3439106164525323,0.14071085534320493,-1.4152166610292255e-05,-0.032979250826834436,-2.554306245941433,-2.88870687684985e-06,-6.250919310382566e-05,-0.0050071860927900095,-0.0037972187089609353,0.010066129872639884,-0.00021179011633970374
8.23,187.07601064188162,217.78099246474255,-2.706588279068942,1.5095129643375227,1.0,179.6426927208921,222.0287009363678,-2.996386248698164,1.3439102948784487,0.14071086098293067,-1.415218529349549e-05,-0.0329792734324573,-2.5543061560765468,-2.8751564723582387e-06,-6.254143115846193e-05,-0.005007194160812762,-0.0037972297346306324,0.010066140823634648,-0.00021185934356677155
8.25,187.07601064188162,217.78099246474255,-2.706588279068942,1.5095129643375227,1.0,179.64268267113732,222.02870918364832,-2.996386640501469,1.3439099733470443,0.14071086662243504,-1.4152204517947446e-05,-0.03297929603794415,-2.554306066126826,-2.8616820112093875e-06,-6.257354936672226e-05,-0.005007202479031725,-0.0037972407175071556,0.01006615240558921,-0.00021192829483577004
8.27,187.07601064188162,217.78099246474255,-2.706588279068942,1.5095129643375227,1.0,179.64267262099756,222.02871742983785,-2.9963870323197828,1.3439096518581728,0.14071087226171858,-1.4152224281190414e-05,-0.032979318643293926,-2.554305976092611,-2.848283238547373e-06,-6.260554804193638e-05,-0.005007211046462082,-0.0037972516579430128,0.010066164616049228,-0.0002119969709187806
8.3,187.07601064188162,217.78099246474255,-2.706588279068942,1.5095129643375227,1.0,179.64266257047515,222.02872567494018,-2.9963874241530157,1.3439093304116891,0.14071087790078177,-1.4152244581342937e-05,-0.03297934124850545,-2.554305885974242,-2.834959889830334e-06,-6.26374277011057e-05,-0.005007219862188743,-0.0037972625555920347,0.01006617745284183,-0.0002120653729479015
8.32,187.07601064188162,217.78099246474255,-2.706588279068942,1.5095129643375227,1.0,179.6426525195722,222.02873391895892,-2.9963878160010844,1.3439090090074484,0.1407108835396252,-1.4152265415629681e-05,-0.03297936385357793,-2.5543057957720583,-2.8217115691008075e-06,-6.266918885325479e-05,-0.005007228925195704,-0.0037972734109803508,0.010066190913401094,-0.00021213350218560016
8.34,187.07601064188162,217.78099246474255,-2.706588279068942,1.5095129643375227,1.0,179.642642468291,222.0287421618979,-2.9963882078638977,1.3439086876453061,0.14071088917824937,-1.4152286781971317e-05,-0.032979386458510174,-2.554305705486398,-2.8085380250584017e-06,-6.270083196911828e-05,-0.005007238234562806,-0.0037972842240188223,0.010066204995428107,-0.00021220135966373873
8.36,187.07601064188162,217.78099246474255,-2.706588279068942,1.5095129643375227,1.0,179.64263241663386,222.0287504037607,-2.99638859974137,1.3439083663251186,0.1407108948166548,-1.4152308678113216e-05,-0.032979409063301185,-2.554305615117598,-2.795439037641301e-06,-6.273235743783028e-05,-0.005007247789335604,-0.0037972949949210163,0.01006621969640623,-0.00021226894623096196
8.38,187.07601064188162,217.78099246474255,-2.706588279068942,1.5095129643375227,1.0,179.6426223646029,222.02875864455106,-2.9963889916334154,1.3439080450467424,0.14071090045484205,-1.4152331101448402e-05,-0.032979431667949984,-2.5543055246659927,-2.782414205388414e-06,-6.276376582043476e-05,-0.005007257588534466,-0.0037973057239351973,0.010066235013954808,-0.00021233626325067314
8.4,187.07601064188162,217.78099246474255,-2.706588279068942,1.5095129643375227,1.0,179.64261231220036,222.02876688427259,-2.996389383539947,1.343907723810035,0.14071090609281164,-1.4152354049899288e-05,-0.03297945427245551,-2.554305434131916,-2.7694633213492907e-06,-6.279505751997515e-05,-0.005007267631242509,-0.0037973164110486272,0.010066250945726043,-0.00021240331158566073
8.42,187.07601064188162,217.78099246474255,-2.706588279068942,1.5095129643375227,1.0,179.6426022594285,222.02877512292898,-2.9963897754608784,1.343907402614855,0.1407109117305641,-1.4152377521048085e-05,-0.03297947687681678,-2.554305343515698,-2.756586070403605e-06,-6.28262329362442e-05,-0.0050072779164895085,-0.003797327056656604,0.010066267489300867,-0.0002124700922246098
8.44,187.07601064188162,217.78099246474255,-2.706588279068942,1.5095129643375227,1.0,179.6425922062894,222.02878336052382,-2.9963901673961244,1.3439070814610599,0.14071091736809999,-1.4152401512926549e-05,-0.03297949948103275,-2.554305252817673,-2.743782114154078e-06,-6.285729267744582e-05,-0.0050072884433695645,-0.0037973376604967385,0.010066284642533431,-0.00021253660654054553
8.46,187.07601064188162,217.78099246474255,-2.706588279068942,1.5095129643375227,1.0,179.64258215278534,222.02879159706072,-2.9963905593456004,1.3439067603485095,0.14071092300541974,-1.4152426022912088e-05,-0.03297952208510247,-2.5543051620381685,-2.731051205260692e-06,-6.2888237123784e-05,-0.005007299210914408,-0.003797348223110713,0.010066302402767914,-0.00021260285539260424
8.48,187.07601064188162,217.78099246474255,-2.706588279068942,1.5095129643375227,1.0,179.64257209891846,222.02879983254334,-2.996390951309221,1.3439064392770628,0.1407109286425239,-1.415245104893058e-05,-0.03297954468902498,-2.554305071177515,-2.7183930498993463e-06,-6.291906674544748e-05,-0.005007310218204587,-0.0037973587443922018,0.010066320767835224,-0.00021266883987127765
8.5,187.07601064188162,217.78099246474255,-2.706588279068942,1.5095129643375227,1.0,179.64256204469098,222.02880806697524,-2.9963913432869025,1.3439061182465797,0.14071093427941309,-1.4152476588840212e-05,-0.03297956729279913,-2.5543049802360382,-2.7058073928569806e-06,-6.294978194725765e-05,-0.005007321464326024,-0.0037973692245780056,0.010066339735376201,-0.000212734560899382
8.52,187.07601064188162,217.78099246474255,-2.706588279068942,1.5095129643375227,1.0,179.64255199010492,222.02881630035998,-2.9963917352785603,1.3439057972569213,0.14071093991608769,-1.4152502640188487e-05,-0.032979589896424175,-2.554304889214065,-2.693293902298233e-06,-6.298038322025536e-05,-0.005007332948322543,-0.00379737966382062,0.010066359303047489,-0.00021280001964042229
8.54,187.07601064188162,217.78099246474255,-2.706588279068942,1.5095129643375227,1.0,179.64254193516254,222.0288245327011,-2.99639212728411,1.3439054763079483,0.14071094555254826,-1.4152529200745072e-05,-0.03297961249989893,-2.5543047981119194,-2.6808522741717227e-06,-6.301087104322744e-05,-0.0050073446692806105,-0.003797390062370376,0.010066379468496756,-0.0002128652171990146
8.56,187.07601064188162,217.78099246474255,-2.706588279068942,1.5095129643375227,1.0,179.64253187986603,222.0288327640022,-2.996392519303469,1.3439051553995236,0.1407109511887953,-1.4152556268671897e-05,-0.032979635103222556,-2.5543047069299254,-2.6684823049177332e-06,-6.30412457666974e-05,-0.005007356626292843,-0.0037974004201292433,0.010066400229526819,-0.00021293015435553132
8.58,187.07601064188162,217.78099246474255,-2.706588279068942,1.5095129643375227,1.0,179.64252182421743,222.0288409942668,-2.9963929113365526,1.3439048345315083,0.14071095682482934,-1.4152583841388026e-05,-0.03297965770639396,-2.5543046156684057,-2.656183677203516e-06,-6.307150794691391e-05,-0.005007368818459606,-0.003797410737260173,0.010066421583781467,-0.0002129948323572776
8.6,187.07601064188162,217.78099246474255,-2.706588279068942,1.5095129643375227,1.0,179.6425117682189,222.02884922349838,-2.9963933033832792,1.3439045137037655,0.14071096246065085,-1.4152611916801981e-05,-0.03297968030941224,-2.554304524327679,-2.6439560952335643e-06,-6.310165794476183e-05,-0.005007381244825522,-0.0037974210141051273,0.010066443528920534,-0.00021305925210871835
8.62,187.07601064188162,217.78099246474255,-2.706588279068942,1.5095129643375227,1.0,179.64250171187254,222.0288574517005,-2.9963936954435653,1.3439041929161593,0.14071096809626038,-1.4152640492811868e-05,-0.03297970291227635,-2.5543044329080686,-2.6317992733026086e-06,-6.313169632234667e-05,-0.005007393904543339,-0.003797431250518622,0.01006646606280407,-0.00021312341483716002
8.64,187.07601064188162,217.78099246474255,-2.706588279068942,1.5095129643375227,1.0,179.64249165518052,222.02886567887666,-2.996394087517329,1.3439038721685523,0.14071097373165836,-1.4152669567114456e-05,-0.03297972551498542,-2.5543043414098903,-2.6197129839233488e-06,-6.316162337745504e-05,-0.00500740679664507,-0.0037974414469784702,0.010066489182894536,-0.00021318732124889816
8.66,187.07601064188162,217.78099246474255,-2.706588279068942,1.5095129643375227,1.0,179.64248159814494,222.02887390503022,-2.9963944796044863,1.3439035514608106,0.14071097936684535,-1.4152699137632156e-05,-0.03297974811753843,-2.5543042498334607,-2.607696891693506e-06,-6.319143957356731e-05,-0.005007419920250038,-0.0037974516034522633,0.0100665128872003,-0.00021325097248069743
8.68,187.07601064188162,217.78099246474255,-2.706588279068942,1.5095129643375227,1.0,179.6424715407678,222.02888213016473,-2.996394871704959,1.3439032307927974,0.14071098500182178,-1.4152729202410605e-05,-0.03297977071993446,-2.5543041581790984,-2.595750752542908e-06,-6.32211454412739e-05,-0.00500743327449225,-0.0037974617198851973,0.01006653717341812,-0.00021331436964896854
8.7,187.07601064188162,217.78099246474255,-2.706588279068942,1.5095129643375227,1.0,179.64246148305125,222.02889035428367,-2.9963952638186653,1.3439029101643791,0.14071099063658826,-1.4152759759005982e-05,-0.032979793322172574,-2.5543040664471164,-2.583874350682255e-06,-6.325074130201767e-05,-0.0050074468584625055,-0.003797471796638617,0.010066562039154387,-0.000213377513488157
8.72,187.07601064188162,217.78099246474255,-2.706588279068942,1.5095129643375227,1.0,179.64245142499735,222.02889857739046,-2.996395655945523,1.3439025895754215,0.1407109962711452,-1.4152790805200108e-05,-0.03297981592425182,-2.5543039746378278,-2.572067252693813e-06,-6.328022773353952e-05,-0.005007460671239342,-0.0037974818339596627,0.010066587482233451,-0.00021344040543492404
8.74,187.07601064188162,217.78099246474255,-2.706588279068942,1.5095129643375227,1.0,179.64244136660818,222.0289067994885,-2.996396048085451,1.343902269025791,0.140711001905493,-1.4152822339319799e-05,-0.032979838526171305,-2.554303882751547,-2.5603293332741688e-06,-6.330960500303384e-05,-0.005007474711959865,-0.0037974918317001728,0.010066613500518448,-0.00021350304603649873
8.76,187.07601064188162,217.78099246474255,-2.706588279068942,1.5095129643375227,1.0,179.64243130788583,222.0289150205811,-2.9963964402383687,1.3439019485153552,0.1407110075396323,-1.415285435877544e-05,-0.032979861127929916,-2.554303790788582,-2.5486602419578976e-06,-6.333887365327393e-05,-0.0050074889797365,-0.0037975017902127264,0.010066640091683817,-0.00021356543655843958
8.78,187.07601064188162,217.78099246474255,-2.706588279068942,1.5095129643375227,1.0,179.64242124883236,222.02892324067193,-2.996396832404197,1.343901628043981,0.14071101317356352,-1.4152886861846987e-05,-0.03297988372952686,-2.554303698749245,-2.5370597457455074e-06,-6.336803405971412e-05,-0.005007503473690782,-0.003797511709547125,0.01006666725355601,-0.00021362757785638073
8.8,187.07601064188162,217.78099246474255,-2.706588279068942,1.5095129643375227,1.0,179.64241118944977,222.02893145976407,-2.9963972245828554,1.3439013076115374,0.14071101880728712,-1.4152919846253772e-05,-0.0329799063309611,-2.5543036066338436,-2.5255276011888327e-06,-6.339708671377419e-05,-0.005007518192970129,-0.003797521589668227,0.010066694983915634,-0.000213689470985068
8.82,187.07601064188162,217.78099246474255,-2.706588279068942,1.5095129643375227,1.0,179.64240112974008,222.0289396778611,-2.9963976167742654,1.3439009872178915,0.14071102444080363,-1.4152953310114332e-05,-0.03297992893223193,-2.554303514442687,-2.514063468564507e-06,-6.342603193300867e-05,-0.005007533136669574,-0.0037975314308798806,0.0100667232807613,-0.00021375111684654137
8.84,187.07601064188162,217.78099246474255,-2.706588279068942,1.5095129643375227,1.0,179.64239106970538,222.02894789496628,-2.9963980089783475,1.3439006668629134,0.14071103007411345,-1.4152987250717555e-05,-0.03297995153333827,-2.5543034221760785,-2.5026670802216116e-06,-6.345487025960611e-05,-0.005007548303885857,-0.0037975412335694327,0.010066752141480511,-0.00021381251658890646
8.86,187.07601064188162,217.78099246474255,-2.706588279068942,1.5095129643375227,1.0,179.64238100934767,222.02895611108298,-2.9963984011950235,1.3439003465464725,0.14071103570721716,-1.4153021666851949e-05,-0.0329799741342792,-2.554303329834325,-2.491338285708555e-06,-6.34836020336675e-05,-0.005007563693838915,-0.0037975509973334582,0.010066781564243413,-0.00021387367092149756
8.88,187.07601064188162,217.78099246474255,-2.706588279068942,1.5095129643375227,1.0,179.6423709486689,222.02896432621452,-2.9963987934242144,1.343900026268439,0.1407110413401152,-1.4153056555967815e-05,-0.03297999673505387,-2.5543032374177304,-2.4800767022522055e-06,-6.351222771262897e-05,-0.005007579305593307,-0.003797560722685931,0.010066811546737997,-0.0002139345810133249
8.9,187.07601064188162,217.78099246474255,-2.706588279068942,1.5095129643375227,1.0,179.64236088767115,222.0289725403643,-2.996399185665842,1.3438997060286835,0.14071104697280798,-1.4153091916008392e-05,-0.032980019335661345,-2.5543031449265974,-2.468882042168624e-06,-6.354074776884221e-05,-0.005007595138316576,-0.003797570409665246,0.010066842086904046,-0.00021399524794889555
8.92,187.07601064188162,217.78099246474255,-2.706588279068942,1.5095129643375227,1.0,179.6423508263564,222.02898075353545,-2.9963995779198282,1.3438993858270767,0.14071105260529604,-1.4153127745060972e-05,-0.03298004193610078,-2.5543030523612265,-2.457754164106687e-06,-6.356916241492675e-05,-0.005007611191125593,-0.003797580058469355,0.010066873182482066,-0.00021405567219855433
8.94,187.07601064188162,217.78099246474255,-2.706588279068942,1.5095129643375227,1.0,179.64234076472664,222.02898896573146,-2.996399970186095,1.3438990656634908,0.1407110582375798,-1.4153164041183347e-05,-0.0329800645363712,-2.5543029597219187,-2.446692721922816e-06,-6.359747227790687e-05,-0.0050076274632126026,-0.003797589668940192,0.010066904831497693,-0.00021411585517652995
8.97,187.07601064188162,217.78099246474255,-2.706588279068942,1.5095129643375227,1.0,179.64233070278388,222.02899717695547,-2.9964003624645663,1.343898745537798,0.14071106386965973,-1.415320080220246e-05,-0.03298008713647167,-2.5543028670089734,-2.435697467077758e-06,-6.362567773504185e-05,-0.00500764395369147,-0.00379759924161041,0.010066937031511515,-0.000214175797743834
9.0,187.07601064188162,217.78099246474255,-2.706588279068942,1.5095129643375227,1.0,179.64232064053004,222.02900538721084,-2.9964007547551645,1.3438984254498696,0.14071106950153633,-1.41532380261518e-05,-0.032980109736401406,-2.5543027742226894,-2.424768166229738e-06,-6.365377915799918e-05,-0.005007660661733421,-0.003797608776282069,0.010066969780627233,-0.0002142355007628742
9.02,187.07601064188162,217.78099246474255,-2.706588279068942,1.5095129643375227,1.0,179.64231057796712,222.02901359650073,-2.9964011470578122,1.3438981053995809,0.14071107513321002,-1.4153275711070063e-05,-0.03298013233615948,-2.5543026813633616,-2.4139045323666973e-06,-6.368177692077823e-05,-0.005007677586480099,-0.003797618273255859,0.010067003076723365,-0.00021429496515313704
9.04,187.07601064188162,217.78099246474255,-2.706588279068942,1.5095129643375227,1.0,179.64230051514556,222.0290218048625,-2.996401539370543,1.3438977853854777,0.140711080764248,-1.4153309826978353e-05,-0.032980154938117644,-2.5543025884360167,-2.4035495263498774e-06,-6.370964452510899e-05,-0.005007694812008367,-0.0037976256842688788,0.010067037167680794,-0.00021435362078437234
9.06,187.07601064188162,217.78099246474255,-2.706588279068942,1.5095129643375227,1.0,179.6422904520463,222.0290300122647,-2.9964019316941015,1.3438974654087839,0.14071108639489444,-1.4153343900928773e-05,-0.03298017754026949,-2.5543024954378235,-2.3933334338139276e-06,-6.373733135245797e-05,-0.0050077122211371165,-0.00379763241809449,0.010067072027413146,-0.00021441183963647064
9.08,187.07601064188162,217.78099246474255,-2.706588279068942,1.5095129643375227,1.0,179.64228038866256,222.02903821869612,-2.9964023240287507,1.3438971454699369,0.1407110920253292,-1.4153378438909804e-05,-0.03298020014219916,-2.554302402367734,-2.3831816213326727e-06,-6.376491422867517e-05,-0.005007729843013214,-0.003797639118699141,0.010067107425940617,-0.00021446982093858651
9.1,187.07601064188162,217.78099246474255,-2.706588279068942,1.5095129643375227,1.0,179.6422703249961,222.02904642415982,-2.996402716374421,1.3438968255688173,0.14071109765555456,-1.4153413444415346e-05,-0.032980222743902395,-2.554302309226019,-2.3730927010292115e-06,-6.37923954745898e-05,-0.005007747677821422,-0.0037976457908325484,0.010067143360938462,-0.0002145275700379869
9.12,187.07601064188162,217.78099246474255,-2.706588279068942,1.5095129643375227,1.0,179.64226026104882,222.02905462865908,-2.9964031087310405,1.3438965057052994,0.1407111032855711,-1.4153448915482363e-05,-0.03298024534537834,-2.5543022160129683,-2.363066439472106e-06,-6.381977550994983e-05,-0.005007765724746632,-0.0037976524346860423,0.010067179830234902,-0.00021458508785766685
9.14,187.07601064188162,217.78099246474255,-2.706588279068942,1.5095129643375227,1.0,179.64225019682257,222.02906283219707,-2.9964035010985355,1.3438961858792569,0.14071110891537914,-1.415348485029708e-05,-0.03298026794662634,-2.554302122728871,-2.353102621487557e-06,-6.38470547325919e-05,-0.005007783982988087,-0.0037976590501474423,0.010067216831859314,-0.00021464237527378497
9.16,187.07601064188162,217.78099246474255,-2.706588279068942,1.5095129643375227,1.0,179.64224013231913,222.02907103477702,-2.996403893476836,1.3438958660905649,0.1407111145449792,-1.4153521246875632e-05,-0.0329802905476457,-2.5543020293740164,-2.343200964055538e-06,-6.387423356681306e-05,-0.005007802451722207,-0.0037976656373043755,0.01006725436380969,-0.0002146994332884331
9.18,187.07601064188162,217.78099246474255,-2.706588279068942,1.5095129643375227,1.0,179.64223006754042,222.02907923640214,-2.9964042858658693,1.3438955463390978,0.14071112017437182,-1.4153558102939085e-05,-0.03298031314843581,-2.5543019359486894,-2.333361186229667e-06,-6.390131242159223e-05,-0.005007821130097836,-0.0037976721965634805,0.010067292423845227,-0.0002147562628633839
9.2,187.07601064188162,217.78099246474255,-2.706588279068942,1.5095129643375227,1.0,179.6422200024883,222.02908743707565,-2.9964046782655624,1.343895226624732,0.1407111258035574,-1.4153595416831618e-05,-0.03298033574899586,-2.554301842453176,-2.3235831192877036e-06,-6.392829166631457e-05,-0.005007840017343765,-0.0037976787276527597,0.010067331010082026,-0.00021481286477414958
9.22,187.07601064188162,217.78099246474255,-2.706588279068942,1.5095129643375227,1.0,179.64220993716458,222.0290956368006,-2.996405070675845,1.3438949069473436,0.14071113143253638,-1.4153633186442656e-05,-0.032980358349325306,-2.5543017488877613,-2.313866429876077e-06,-6.395517173647878e-05,-0.005007859112614756,-0.003797685230906249,0.01006737012043818,-0.00021486924009916377
9.24,187.07601064188162,217.78099246474255,-2.706588279068942,1.5095129643375227,1.0,179.64219987158228,222.02910383558742,-2.996405463096208,1.3438945873065338,0.1407111370610159,-1.4153672090010683e-05,-0.032980380950350725,-2.5543016552537523,-2.304342745120761e-06,-6.398192364941911e-05,-0.005007878366505193,-0.0037976917566331625,0.010067409287636761,-0.0002149251574651363
9.26,187.07601064188162,217.78099246474255,-2.706588279068942,1.5095129643375227,1.0,179.64218980574648,222.02911203343072,-2.996405855526453,1.3438942677025065,0.14071114268891025,-1.415371195833937e-05,-0.032980403552056656,-2.554301561551092,-2.2950145244887395e-06,-6.400846678453578e-05,-0.00500789766539362,-0.003797698782278868,0.01006744807154025,-0.0002149804640007634
9.28,187.07601064188162,217.78099246474255,-2.706588279068942,1.5095129643375227,1.0,179.64217973965327,222.02912023032616,-2.9964062479667333,1.3438939481354324,0.14071114831659365,-1.4153752215346406e-05,-0.03298042615350902,-2.554301467779302,-2.2857437657774647e-06,-6.40349145156843e-05,-0.005007917163570625,-0.0037977058097421264,0.01006748734492338,-0.00021503555361072874
9.3,187.07601064188162,217.78099246474255,-2.706588279068942,1.5095129643375227,1.0,179.642169673305,222.02912842627782,-2.9964066404169594,1.343893628605153,0.14071115394407077,-1.4153792914886073e-05,-0.03298044875469652,-2.5543013739387432,-2.2765318904525295e-06,-6.406126547758959e-05,-0.0050079368678592855,-0.0037977128057222883,0.010067527142790703,-0.00021509042384896464
9.32,187.07601064188162,217.78099246474255,-2.706588279068942,1.5095129643375227,1.0,179.64215960670336,222.02913662128887,-2.996407032877062,1.3438933091115441,0.14071115957134211,-1.4153834054181307e-05,-0.03298047135561849,-2.5543012800296983,-2.267378863302083e-06,-6.408751981095467e-05,-0.005007956777473294,-0.0037977197706880023,0.010067567462786881,-0.00021514507492236118
9.34,187.07601064188162,217.78099246474255,-2.706588279068942,1.5095129643375227,1.0,179.64214953985012,222.02914481536246,-2.996407425346974,1.3438929896544844,0.14071116519840826,-1.4153875630989622e-05,-0.032980493956274365,-2.554301186052441,-2.2582843364547626e-06,-6.411367801676147e-05,-0.005007976891581847,-0.0037977267050105785,0.010067608302776754,-0.00021519950803043807
9.36,187.07601064188162,217.78099246474255,-2.706588279068942,1.5095129643375227,1.0,179.642139472747,222.02915300850177,-2.996407817826628,1.3438926702338494,0.14071117082526957,-1.4153917643663874e-05,-0.032980516556663855,-2.5543010920072526,-2.2492481450262945e-06,-6.413974042354531e-05,-0.0050079972094037185,-0.003797733608640226,0.01006764966077564,-0.00021525372387098718
9.38,187.07601064188162,217.78099246474255,-2.706588279068942,1.5095129643375227,1.0,179.6421294053957,222.02916120070986,-2.9964082103159573,1.3438923508495186,0.14071117645192655,-1.4153960090183745e-05,-0.032980539156786275,-2.554300997894407,-2.2402700372942076e-06,-6.416570745898059e-05,-0.005008017730149937,-0.003797740481729602,0.01006769153473662,-0.00021530772340749854
9.4,187.07601064188162,217.78099246474255,-2.706588279068942,1.5095129643375227,1.0,179.64211933779796,222.02916939198985,-2.996408602814894,1.3438920315013703,0.14071118207837963,-1.4154002968820512e-05,-0.03298056175664128,-2.554300903714179,-2.2313497814610648e-06,-6.419157936659009e-05,-0.005008038453008087,-0.003797747324372283,0.010067733922836044,-0.00021536150729108697
9.42,187.07601064188162,217.78099246474255,-2.706588279068942,1.5095129643375227,1.0,179.64210926995548,222.02917758234491,-2.9964089953233723,1.343891712189283,0.14071118770462934,-1.4154046277671884e-05,-0.032980584356228256,-2.5543008094668433,-2.2224871677612845e-06,-6.421735661631893e-05,-0.005008059377232952,-0.0037977541366499357,0.010067776822992952,-0.00021541507649794732
9.44,187.07601064188162,217.78099246474255,-2.706588279068942,1.5095129643375227,1.0,179.64209920187,222.029185771778,-2.9964093878413256,1.3438913929131382,0.14071119333067608,-1.4154090014726223e-05,-0.03298060695554678,-2.5543007151526718,-2.2136819384723123e-06,-6.424303966656939e-05,-0.005008080502006648,-0.00379776091866832,0.010067820233082682,-0.00021546843204783443
9.46,187.07601064188162,217.78099246474255,-2.706588279068942,1.5095129643375227,1.0,179.64208913354318,222.02919396029236,-2.9964097803686878,1.3438910736728134,0.14071119895652034,-1.4154134178470029e-05,-0.032980629554596415,-2.554300620771937,-2.2049338837319644e-06,-6.42686287274569e-05,-0.005008101826565555,-0.0037977676705218074,0.010067864151396301,-0.0002155215745122586
9.48,187.07601064188162,217.78099246474255,-2.706588279068942,1.5095129643375227,1.0,179.64207906497668,222.02920214789089,-2.9964101729053922,1.3438907544681902,0.14071120458216252,-1.4154178766738922e-05,-0.03298065215337657,-2.5543005263249086,-2.196242787265543e-06,-6.429412425282562e-05,-0.005008123350128077,-0.0037977743923327985,0.010067908575782459,-0.0002155745048479376
9.5,187.07601064188162,217.78099246474255,-2.706588279068942,1.5095129643375227,1.0,179.64206899617227,222.02921033457682,-2.9964105654513737,1.3438904352991499,0.14071121020760313,-1.4154223777844103e-05,-0.03298067475188679,-2.5543004318118556,-2.187608434382803e-06,-6.431952660032383e-05,-0.005008145071922229,-0.003797781084237843,0.010067953504258197,-0.00021562722386002224
9.52,187.07601064188162,217.78099246474255,-2.706588279068942,1.5095129643375227,1.0,179.64205892713153,222.02921852035303,-2.9964109580065674,1.3438901161655732,0.1407112158328426,-1.4154269210023869e-05,-0.03298069735012669,-2.554300337233048,-2.1790305771591254e-06,-6.434483613076294e-05,-0.005008166991182294,-0.0037977877462316754,0.010067998935027044,-0.00021567973241027856
9.55,187.07601064188162,217.78099246474255,-2.706588279068942,1.5095129643375227,1.0,179.6420488578562,222.0292267052227,-2.9964113505709085,1.3438897970673416,0.1407112214578814,-1.4154315061349894e-05,-0.03298071994809575,-2.554300242588753,-2.1705089528561115e-06,-6.437005325704887e-05,-0.00500818910711734,-0.0037977943784784757,0.010068044866084523,-0.00021573203145395825
9.57,187.07601064188162,217.78099246474255,-2.706588279068942,1.5095129643375227,1.0,179.6420387883479,222.0292348891887,-2.996411743144331,1.3438894780043387,0.14071122708271996,-1.4154361329996255e-05,-0.03298074254579349,-2.5543001478792355,-2.1620434336002466e-06,-6.439517824738725e-05,-0.0050082114189786975,-0.0037978009811793427,0.010068091295374192,-0.00021578412153620138
9.59,187.07601064188162,217.78099246474255,-2.706588279068942,1.5095129643375227,1.0,179.64202871860832,222.02924307225413,-2.9964121357267715,1.3438891589764466,0.14071123270735872,-1.4154408014277621e-05,-0.03298076514321945,-2.554300053104763,-2.153633744775914e-06,-6.44202115623722e-05,-0.005008233926007015,-0.0037978075542313,0.01006813822108358,-0.0002158360037146327
9.61,187.07601064188162,217.78099246474255,-2.706588279068942,1.5095129643375227,1.0,179.6420186486391,222.02925125442198,-2.996412528318164,1.343888839983549,0.1407112383317981,-1.4154455112354186e-05,-0.03298078774037313,-2.554299958265598,-2.14527965004352e-06,-6.444515359637284e-05,-0.00500825662745202,-0.00379781409783657,0.010068185641243883,-0.0002158876788799753
9.63,187.07601064188162,217.78099246474255,-2.706588279068942,1.5095129643375227,1.0,179.64200857844185,222.0292594356952,-2.9964129209184467,1.343888521025528,0.14071124395603862,-1.415450262265517e-05,-0.03298081033725403,-2.554299863362007,-2.1369809682438316e-06,-6.447000459011633e-05,-0.005008279522557603,-0.0037978206119426493,0.010068233554122718,-0.00021593914761764953
9.65,187.07601064188162,217.78099246474255,-2.706588279068942,1.5095129643375227,1.0,179.64199850801828,222.02926761607677,-2.9964133135275532,1.34388820210227,0.14071124958008063,-1.415455054278709e-05,-0.032980832933861864,-2.554299768394248,-2.1287374697975814e-06,-6.449476491388737e-05,-0.00500830261050622,-0.0037978270970332726,0.010068281957438148,-0.00021599041075730596
9.67,187.07601064188162,217.78099246474255,-2.706588279068942,1.5095129643375227,1.0,179.64198843736992,222.02927579556965,-2.996413706145422,1.3438878832136585,0.1407112552039246,-1.4154598871626968e-05,-0.03298085553019592,-2.554299673362584,-2.1205489393114193e-06,-6.451943497510265e-05,-0.005008325890639564,-0.0037978335528473977,0.010068330849645785,-0.00021604146920362237
9.69,187.07601064188162,217.78099246474255,-2.706588279068942,1.5095129643375227,1.0,179.6419783664985,222.02928397417676,-2.996414098771988,1.3438875643595798,0.140711260827571,-1.4154647607131927e-05,-0.032980878126255886,-2.554299578267275,-2.112415113841165e-06,-6.454401518568977e-05,-0.005008349362156107,-0.0037978399796044786,0.01006838022868407,-0.00021609232390796314
9.71,187.07601064188162,217.78099246474255,-2.706588279068942,1.5095129643375227,1.0,179.64196829540558,222.0292921519011,-2.9964144914071897,1.3438872455399176,0.14071126645102022,-1.4154696747731188e-05,-0.03298090072204131,-2.5542994831085815,-2.104335821326319e-06,-6.45685058899671e-05,-0.005008373024336943,-0.0037978463773094702,0.010068430092684013,-0.00021614297560379394
9.73,187.07601064188162,217.78099246474255,-2.706588279068942,1.5095129643375227,1.0,179.6419582240928,222.0293003287456,-2.996414884050963,1.3438869267545586,0.14071127207427267,-1.415474629152246e-05,-0.0329809233175517,-2.554299387886761,-2.0963108827588145e-06,-6.459290722037874e-05,-0.005008396876406732,-0.0037978527461887,0.010068480439870839,-0.000216193424693763
9.75,187.07601064188162,217.78099246474255,-2.706588279068942,1.5095129643375227,1.0,179.64194815256175,222.02930850471307,-2.996415276703246,1.3438866080033893,0.14071127769732886,-1.415479623670412e-05,-0.03298094591278656,-2.554299292602069,-2.088340028783475e-06,-6.461721982699059e-05,-0.005008420917663399,-0.003797859086292897,0.010068531268158107,-0.0002162436725195406
9.77,187.07601064188162,217.78099246474255,-2.706588279068942,1.5095129643375227,1.0,179.64193808081401,222.02931667980653,-2.996415669363976,1.3438862892862966,0.14071128332018912,-1.4154846581885898e-05,-0.03298096850774557,-2.5542991972547644,-2.0804230752384783e-06,-6.464144385224388e-05,-0.005008445147352823,-0.003797865397629461,0.010068582575951456,-0.00021629371951595715
9.79,187.07601064188162,217.78099246474255,-2.706588279068942,1.5095129643375227,1.0,179.6419280088512,222.02932485402874,-2.996416062033091,1.3438859706031676,0.140711288942854,-1.4154897324837465e-05,-0.03298099110242818,-2.554299101845099,-2.072559784665551e-06,-6.466557978745296e-05,-0.005008469564736834,-0.0037978716805281546,0.010068634361080886,-0.0002163435667215476
9.81,187.07601064188162,217.78099246474255,-2.706588279068942,1.5095129643375227,1.0,179.64191793667493,222.02933302738273,-2.9964164547105288,1.3438856519538902,0.1407112945653238,-1.4154948464378566e-05,-0.03298101369683389,-2.5542990063733306,-2.0647499627327297e-06,-6.468962794563577e-05,-0.005008494169116344,-0.0037978779347054483,0.010068686622010312,-0.0002163932148640775
9.83,187.07601064188162,217.78099246474255,-2.706588279068942,1.5095129643375227,1.0,179.64190786428674,222.02934119987125,-2.996416847396228,1.3438853333383523,0.14071130018759898,-1.4154999998426402e-05,-0.03298103629096239,-2.55429891083971,-2.0569933822463162e-06,-6.471358858548486e-05,-0.005008518959709507,-0.003797884160637478,0.010068739356726624,-0.0002164426645988477
9.85,187.07601064188162,217.78099246474255,-2.706588279068942,1.5095129643375227,1.0,179.64189779168822,222.02934937149723,-2.9964172400901283,1.3438850147564427,0.14071130580968,-1.4155051925444907e-05,-0.03298105888481316,-2.5542988152444903,-2.049289858320892e-06,-6.473746218568018e-05,-0.005008543935844016,-0.003797890358149822,0.0100687925633983,-0.00021649191689500501
9.87,187.07601064188162,217.78099246474255,-2.706588279068942,1.5095129643375227,1.0,179.64188771888092,222.02935754226348,-2.9964176327921668,1.3438846962080506,0.14071131143156726,-1.4155104243634196e-05,-0.03298108147838587,-2.5542987195879214,-2.0416391408725407e-06,-6.476124895739673e-05,-0.005008569096739215,-0.003797896527622585,0.010068846240212943,-0.0002165409723694449
9.89,187.07601064188162,217.78099246474255,-2.706588279068942,1.5095129643375227,1.0,179.64187764586643,222.02936571217288,-2.9964180255022828,1.3438843776930658,0.14071131705326118,-1.4155156951322821e-05,-0.032981104071679826,-2.554298623870255,-2.0340410597338883e-06,-6.47849494194219e-05,-0.0050085944417417,-0.0037979026688325203,0.010068900385308811,-0.00021658983203612307
9.91,187.07601064188162,217.78099246474255,-2.706588279068942,1.5095129643375227,1.0,179.6418675726463,222.0293738812282,-2.9964184182204163,1.343884059211377,0.1407113226747621,-1.4155210047070179e-05,-0.03298112666469484,-2.5542985280917394,-2.0264954121127247e-06,-6.480856367981752e-05,-0.005008619970083507,-0.003797908782036154,0.010068954997016552,-0.00021663849629196063
9.93,187.07601064188162,217.78099246474255,-2.706588279068942,1.5095129643375227,1.0,179.6418574992221,222.0293820494322,-2.9964188109465066,1.3438837407628763,0.14071132829607053,-1.4155263529100683e-05,-0.032981149257430356,-2.5542984322526237,-2.0190019454675726e-06,-6.483209226804671e-05,-0.005008645681083054,-0.0037979148672708917,0.010069010073459225,-0.00021668696626978487
9.95,187.07601064188162,217.78099246474255,-2.706588279068942,1.5095129643375227,1.0,179.64184742559533,222.02939021678785,-2.9964192036804933,1.3438834223474532,0.14071133391718685,-1.4155317395548489e-05,-0.032981171849885985,-2.5542983363531544,-2.011560497041905e-06,-6.485553547022613e-05,-0.005008671574008927,-0.0037979209247263478,0.010069065612696203,-0.00021673524259213607
9.97,187.07601064188162,217.78099246474255,-2.706588279068942,1.5095129643375227,1.0,179.64183735176755,222.0293983832978,-2.996419596422317,1.3438831039649985,0.14071133953811146,-1.415537164498688e-05,-0.0329811944420613,-2.5542982403935794,-2.004170834649273e-06,-6.487889364109776e-05,-0.005008697648175091,-0.003797926954281253,0.010069121613163612,-0.00021678332609833517
9.99,187.07601064188162,217.78099246474255,-2.706588279068942,1.5095129643375227,1.0,179.64182727774028,222.0294065489649,-2.9964199891719185,1.3438827856154048,0.14071134515884476,-1.4155426275678458e-05,-0.03298121703395592,-2.5542981443741435,-1.996832785528457e-06,-6.490216704326947e-05,-0.005008723902842234,-0.003797932956312879,0.010069178072855721,-0.00021683121738064518
10.01,187.07601064188162,217.78099246474255,-2.706588279068942,1.5095129643375227,1.0,179.64181720351507,222.02941471379185,-2.9964203819292368,1.3438824672985639,0.1407113507793872,-1.415548128603682e-05,-0.03298123962556933,-2.5542980482950894,-1.989546131400937e-06,-6.492535603803745e-05,-0.005008750337328157,-0.0037979389307431378,0.0100692349901431,-0.00021687891726789323
10.03,187.07601064188162,217.78099246474255,-2.706588279068942,1.5095129643375227,1.0,179.64180712909345,222.02942287778143,-2.9964207746942124,1.3438821490143686,0.14071135639973914,-1.4155536674315884e-05,-0.032981262216900994,-2.5542979521566616,-1.9823106593882785e-06,-6.494846106341924e-05,-0.0050087769509437425,-0.0037979448776455462,0.010069292363148847,-0.00021692642669438034
10.05,187.07601064188162,217.78099246474255,-2.706588279068942,1.5095129643375227,1.0,179.6417970544769,222.02943104093643,-2.9964211674667878,1.343881830762711,0.140711362019901,-1.4155592439147947e-05,-0.032981284807950755,-2.554297855959104,-1.975126190363911e-06,-6.497148231757459e-05,-0.005008803742988495,-0.0037979507970548787,0.01006935019028982,-0.00021697374617631515
10.07,187.07601064188162,217.78099246474255,-2.706588279068942,1.5095129643375227,1.0,179.64178697966696,222.0294392032596,-2.9964215602469024,1.3438815125434849,0.14071136763987316,-1.4155648578720974e-05,-0.032981307398718074,-2.554297759702657,-1.967992459317924e-06,-6.49944201819578e-05,-0.005008830712734454,-0.0037979566892928016,0.01006940846968159,-0.0002170208766206275
10.09,187.07601064188162,217.78099246474255,-2.706588279068942,1.5095129643375227,1.0,179.64177690466505,222.02944736475362,-2.9964219530345,1.3438811943565843,0.14071137325965605,-1.4155705091366984e-05,-0.032981329989202474,-2.5542976633875605,-1.9609093250703893e-06,-6.501727502979425e-05,-0.0050088578595152925,-0.0037979625542826022,0.010069467199501211,-0.00021706781876896884
10.11,187.07601064188162,217.78099246474255,-2.706588279068942,1.5095129643375227,1.0,179.6417668294728,222.02945552542118,-2.9964223458295205,1.343880876201903,0.14071137887925006,-1.4155761975534297e-05,-0.0329813525794036,-2.5542975670140553,-1.9538766336142915e-06,-6.504004709706601e-05,-0.005008885182646001,-0.0037979683921186926,0.010069526378037484,-0.0002171145731600785
10.13,187.07601064188162,217.78099246474255,-2.706588279068942,1.5095129643375227,1.0,179.64175675409163,222.02946368526503,-2.996422738631906,1.3438805580793354,0.14071138449865553,-1.4155819229752799e-05,-0.03298137516932104,-2.55429747058238,-1.9468941005295736e-06,-6.50627367276896e-05,-0.005008912681417939,-0.0037979742029952343,0.010069586003644285,-0.00021716114067537456
10.16,187.07601064188162,217.78099246474255,-2.706588279068942,1.5095129643375227,1.0,179.641746678523,222.02947184428785,-2.996423131441599,1.343880239988777,0.14071139011787293,-1.4155876852213928e-05,-0.03298139775895443,-2.5542973740927724,-1.93996150455681e-06,-6.508534441398568e-05,-0.005008940355162309,-0.003797979986891604,0.010069646074485131,-0.00021720752234974153
10.19,187.07601064188162,217.78099246474255,-2.706588279068942,1.5095129643375227,1.0,179.64173660276845,222.02948000249236,-2.9964235242585406,1.3438799219301227,0.1407113957369026,-1.4155934841704452e-05,-0.03298142034830318,-2.5542972775454693,-1.9330787664693363e-06,-6.510787025101769e-05,-0.005008968203206941,-0.0037979857438881787,0.010069706588913272,-0.00021725371840106267
10.21,187.07601064188162,217.78099246474255,-2.706588279068942,1.5095129643375227,1.0,179.6417265268294,222.02948815988117,-2.996423917082675,1.3438796039032685,0.14071140135574497,-1.415599319638283e-05,-0.032981442937367024,-2.554297180940706,-1.9262456153454127e-06,-6.513031468730277e-05,-0.005008996224867743,-0.003797991474078222,0.010069767545195103,-0.00021729972985968073
10.23,187.07601064188162,217.78099246474255,-2.706588279068942,1.5095129643375227,1.0,179.6417164507073,222.02949631645697,-2.9964243099139454,1.3438792859081112,0.14071140697440038,-1.4156051914506447e-05,-0.032981465526145615,-2.554297084278717,-1.9194618331375623e-06,-6.515267799368186e-05,-0.005009024419430309,-0.0037979971777272067,0.010069828941564392,-0.00021734555739881146
10.25,187.07601064188162,217.78099246474255,-2.706588279068942,1.5095129643375227,1.0,179.6417063744037,222.02950447222238,-2.996424702752293,1.3438789679445464,0.1407114125928693,-1.415611099484125e-05,-0.03298148811463836,-2.554296987559738,-1.9127272285389624e-06,-6.517496059078043e-05,-0.00500905278626914,-0.0037980028547232305,0.010069890776380713,-0.00021739120190648103
10.28,187.07601064188162,217.78099246474255,-2.706588279068942,1.5095129643375227,1.0,179.64169629791996,222.0295126271801,-2.9964250955976626,1.3438786500124706,0.14071141821115202,-1.4156170435774805e-05,-0.03298151070284505,-2.5542968907840025,-1.906041702100735e-06,-6.519716266269684e-05,-0.005009081324706879,-0.0037980085051158834,0.010069953047913008,-0.00021743666376765369
10.3,187.07601064188162,217.78099246474255,-2.706588279068942,1.5095129643375227,1.0,179.64168622125757,222.0295207813328,-2.9964254884499972,1.343878332111782,0.140711423829249,-1.4156230235772782e-05,-0.03298153329076526,-2.5542967939517425,-1.8994049590058664e-06,-6.521928458691069e-05,-0.005009110034049563,-0.0037980141290972704,0.01007001575452629,-0.0002174819439310786
10.32,187.07601064188162,217.78099246474255,-2.706588279068942,1.5095129643375227,1.0,179.641676144418,222.02952893468296,-2.9964258813092393,1.3438780142423794,0.14071142944716059,-1.4156290393037024e-05,-0.03298155587839841,-2.5542966970631884,-1.8928168346295324e-06,-6.524132671339295e-05,-0.005009138913646396,-0.00379801972685558,0.010070078894381194,-0.00021752704312537303
10.34,187.07601064188162,217.78099246474255,-2.706588279068942,1.5095129643375227,1.0,179.64166606740267,222.0295370872333,-2.996426274175334,1.3438776964041597,0.14071143506488712,-1.4156350906392493e-05,-0.032981578465744205,-2.554296600118571,-1.8862771814205995e-06,-6.526328932502325e-05,-0.005009167962847579,-0.0037980252982390164,0.010070142465905534,-0.00021757196196450483
10.36,187.07601064188162,217.78099246474255,-2.706588279068942,1.5095129643375227,1.0,179.64165599021305,222.0295452389864,-2.9964266670482242,1.343877378597022,0.14071144068242902,-1.415641177400632e-05,-0.03298160105280236,-2.5542965031181195,-1.8797856998083694e-06,-6.528517271118731e-05,-0.005009197180942615,-0.0037980308436483213,0.010070206467456497,-0.00021761670125815903
10.38,187.07601064188162,217.78099246474255,-2.706588279068942,1.5095129643375227,1.0,179.64164591285052,222.0295533899448,-2.996427059927855,1.3438770608208654,0.14071144629978666,-1.4156472994526422e-05,-0.03298162363957223,-2.554296406062063,-1.873342345263358e-06,-6.530697726774337e-05,-0.00500922656734197,-0.0037980363627971416,0.010070270897222393,-0.00021766126166173743
10.4,187.07601064188162,217.78099246474255,-2.706588279068942,1.5095129643375227,1.0,179.6416358353165,222.02956154011116,-2.996427452814172,1.3438767430755887,0.14071145191696044,-1.4156534566489632e-05,-0.032981646226053714,-2.554296308950629,-1.8669468005481178e-06,-6.532870321223472e-05,-0.005009256121331202,-0.0037980418560901747,0.010070335753714674,-0.00021770564389743028
10.42,187.07601064188162,217.78099246474255,-2.706588279068942,1.5095129643375227,1.0,179.6416257576124,222.02956968948797,-2.9964278457071187,1.3438764253610924,0.1407114575339507,-1.415659648829393e-05,-0.03298166881224632,-2.554296211784045,-1.8605989198965459e-06,-6.535035090413045e-05,-0.005009285842286928,-0.0037980473233265727,0.01007040103532534,-0.00021774984869895995
10.44,187.07601064188162,217.78099246474255,-2.706588279068942,1.5095129643375227,1.0,179.6416156797397,222.02957783807787,-2.9964282386066396,1.343876107677276,0.14071146315075783,-1.4156658758509127e-05,-0.032981691398149535,-2.5542961145625367,-1.8542985777257213e-06,-6.537192062659421e-05,-0.005009315729557769,-0.0037980527648458764,0.010070466740125163,-0.00021779387663143645
10.46,187.07601064188162,217.78099246474255,-2.706588279068942,1.5095129643375227,1.0,179.6416056016997,222.02958598588333,-2.996428631512682,1.3438757900240408,0.14071146876738214,-1.4156721375451623e-05,-0.03298171398376304,-2.554296017286329,-1.848045471624228e-06,-6.539341275712941e-05,-0.0050093457824839215,-0.0037980581806229883,0.010070532866713803,-0.00021783772866432313
10.48,187.07601064188162,217.78099246474255,-2.706588279068942,1.5095129643375227,1.0,179.64159552349392,222.029594132907,-2.9964290244251885,1.3438754724012874,0.14071147438382411,-1.415678433787695e-05,-0.03298173656908651,-2.5542959199556465,-1.8418395266060414e-06,-6.541482751885853e-05,-0.005009376000425928,-0.0037980635707345416,0.010070599413306573,-0.0002178814052103619
10.5,187.07601064188162,217.78099246474255,-2.706588279068942,1.5095129643375227,1.0,179.64158544512367,222.02960227915128,-2.9964294173441073,1.3438751548089167,0.14071148000008402,-1.415684764421606e-05,-0.03298175915411952,-2.5542958225707135,-1.835680490107675e-06,-6.54361652682761e-05,-0.005009406382745715,-0.0037980689352922845,0.010070666378372438,-0.00021792490713341798
10.52,187.07601064188162,217.78099246474255,-2.706588279068942,1.5095129643375227,1.0,179.64157536659033,222.02961042461877,-2.9964298102693836,1.343874837246831,0.14071148561616226,-1.4156911293017941e-05,-0.03298178173886178,-2.5542957251317504,-1.8295681555184672e-06,-6.545742627601155e-05,-0.005009436928777295,-0.003798074274304129,0.01007073376038682,-0.00021796823510308012
10.54,187.07601064188162,217.78099246474255,-2.706588279068942,1.5095129643375227,1.0,179.64156528789533,222.02961856931194,-2.9964302032009615,1.3438745197149333,0.14071149123205914,-1.4156975282784707e-05,-0.032981804323312734,-2.5542956276389797,-1.8235023805579162e-06,-6.547861087060703e-05,-0.005009467637896213,-0.0037980795880758035,0.010070801557479026,-0.00021801138978073424
10.56,187.07601064188162,217.78099246474255,-2.706588279068942,1.5095129643375227,1.0,179.6415552090401,222.02962671323337,-2.9964305961387887,1.3438742022131245,0.14071149684777515,-1.4157039611890045e-05,-0.032981826907472096,-2.554295530092622,-1.8174830124917515e-06,-6.549971934383694e-05,-0.005009498509472639,-0.003798084876516906,0.010070869768089376,-0.00021805437180005434
10.58,187.07601064188162,217.78099246474255,-2.706588279068942,1.5095129643375227,1.0,179.64154513002586,222.02963485638546,-2.996430989082812,1.3438738847413088,0.14071150246331057,-1.4157104279221385e-05,-0.03298184949133946,-2.554295432492897,-1.8115098199790935e-06,-6.552075201929526e-05,-0.005009529542898194,-0.003798090139567246,0.010070938390857926,-0.0002180971819526899
10.6,187.07601064188162,217.78099246474255,-2.706588279068942,1.5095129643375227,1.0,179.64153505085415,222.0296429987707,-2.996431382032977,1.3438735672993882,0.1407115080786657,-1.4157169283221842e-05,-0.032981872074914514,-2.5542953348400266,-1.805582623984228e-06,-6.554170919780472e-05,-0.00500956073749855,-0.003798095377477498,0.010071007423969701,-0.00021813982090725627
10.62,187.07601064188162,217.78099246474255,-2.706588279068942,1.5095129643375227,1.0,179.64152497152622,222.02965114039162,-2.9964317749892317,1.3438732498872674,0.14071151369384102,-1.4157234622259883e-05,-0.03298189465819683,-2.554295237134225,-1.7997012140764154e-06,-6.556259111841487e-05,-0.005009592092643455,-0.003798100590484668,0.01007107686591463,-0.00021818228928269695
10.65,187.07601064188162,217.78099246474255,-2.706588279068942,1.5095129643375227,1.0,179.6415148920434,222.02965928125062,-2.996432167951523,1.3438729325048502,0.14071151930883682,-1.4157300295071943e-05,-0.03298191724118607,-2.5542951393757107,-1.7938655153291539e-06,-6.558339815700088e-05,-0.005009623607746754,-0.003798105778380478,0.01007114671495929,-0.00021822458774260666
10.67,187.07601064188162,217.78099246474255,-2.706588279068942,1.5095129643375227,1.0,179.6415048124072,222.02966742135015,-2.9964325609197973,1.3438726151520406,0.14071152492365346,-1.4157366300172294e-05,-0.032981939823881784,-2.5542950415647008,-1.788075246464513e-06,-6.560413052824626e-05,-0.005009655282150443,-0.0037981109413695816,0.010071216969778984,-0.0002182667169657556
10.69,187.07601064188162,217.78099246474255,-2.706588279068942,1.5095129643375227,1.0,179.64149473261884,222.0296755606927,-2.9964329538940024,1.3438722978287436,0.14071153053829127,-1.4157432636255715e-05,-0.03298196240628375,-2.5542949437014113,-1.7823302545937232e-06,-6.562478864322911e-05,-0.005009687115255582,-0.0037981160795427134,0.010071287628588148,-0.00021830867776594825
10.71,187.07601064188162,217.78099246474255,-2.706588279068942,1.5095129643375227,1.0,179.64148465267965,222.02968369928072,-2.9964333468740882,1.3438719805348645,0.14071153615275067,-1.4157499301664642e-05,-0.032981984988391555,-2.5542948457860555,-1.7766303299748386e-06,-6.564537269909942e-05,-0.0050097191064035936,-0.0037981211930955515,0.010071358689897817,-0.00021835047069622822
10.73,187.07601064188162,217.78099246474255,-2.706588279068942,1.5095129643375227,1.0,179.64147457259102,222.0296918371166,-2.9964337398599996,1.3438716632703087,0.14071154176703193,-1.4157566295088647e-05,-0.03298200757020471,-2.5542947478188482,-1.7709753977502045e-06,-6.566588296910052e-05,-0.005009751255017818,-0.003798126281971736,0.010071430152075171,-0.00021839209625542532
10.75,187.07601064188162,217.78099246474255,-2.706588279068942,1.5095129643375227,1.0,179.64146449235423,222.0296999742027,-2.996434132851686,1.3438713460349818,0.14071154738113548,-1.4157633615302351e-05,-0.03298203015172295,-2.5542946498000028,-1.7653652054168325e-06,-6.568631982775038e-05,-0.005009783560490611,-0.003798131346126899,0.010071502013727725,-0.00021843355534294944
10.77,187.07601064188162,217.78099246474255,-2.706588279068942,1.5095129643375227,1.0,179.64145441197067,222.02970811054152,-2.996434525849096,1.3438710288287905,0.14071155299506158,-1.415770126083217e-05,-0.03298205273294593,-2.554294551729731,-1.759799563372049e-06,-6.570668352399306e-05,-0.005009816022174944,-0.0037981363858014495,0.01007157427322799,-0.00021847484856332702
10.79,187.07601064188162,217.78099246474255,-2.706588279068942,1.5095129643375227,1.0,179.64144433144165,222.0297162461354,-2.9964349188521777,1.3438707116516413,0.14071155860881063,-1.4157769230228826e-05,-0.03298207531387335,-2.5542944536082453,-1.7542782795971438e-06,-6.57269744017884e-05,-0.005009848639474992,-0.003798141401088449,0.010071646929014359,-0.0002185159766803088
10.81,187.07601064188162,217.78099246474255,-2.706588279068942,1.5095129643375227,1.0,179.64143425076844,222.0297243809867,-2.99643531186088,1.3438703945034416,0.14071156422238296,-1.4157837521845169e-05,-0.032982097894504646,-2.5542943554357556,-1.748801260012642e-06,-6.574719271875047e-05,-0.0050098814117970816,-0.003798146392110589,0.01007171997938423,-0.0002185569401872578
10.83,187.07601064188162,217.78099246474255,-2.706588279068942,1.5095129643375227,1.0,179.6414241699524,222.0297325150979,-2.996435704875151,1.343870077384098,0.1407115698357789,-1.4157906134769972e-05,-0.03298212047483967,-2.5542942572124714,-1.7433682742030304e-06,-6.57673386683133e-05,-0.005009914338509051,-0.0037981513588490378,0.01007179342310417,-0.00021859773966965835
10.85,187.07601064188162,217.78099246474255,-2.706588279068942,1.5095129643375227,1.0,179.64141408899476,222.02974064847123,-2.9964360978949407,1.3438697602935181,0.1407115754489988,-1.4157975067422046e-05,-0.03298214305487794,-2.5542941589386023,-1.7379791578547594e-06,-6.578741262610745e-05,-0.005009947419021366,-0.003798156301350188,0.010071867258527566,-0.00021863837590427706
10.87,187.07601064188162,217.78099246474255,-2.706588279068942,1.5095129643375227,1.0,179.6414040078969,222.02974878110916,-2.9964364909201984,1.343869443231611,0.140711581062043,-1.4158044318320866e-05,-0.03298216563461917,-2.554294060614355,-1.7326337564368185e-06,-6.580741489697886e-05,-0.005009980652752663,-0.0037981612197726367,0.010071941484050355,-0.00021867884954061817
10.89,187.07601064188162,217.78099246474255,-2.706588279068942,1.5095129643375227,1.0,179.6413939266601,222.029756913014,-2.9964368839508735,1.3438691261982838,0.14071158667491185,-1.4158113886293122e-05,-0.03298218821406302,-2.5542939622399383,-1.7273318329125804e-06,-6.582734574817349e-05,-0.005010014039067709,-0.0037981661142419917,0.010072016098243227,-0.00021871916128219905
10.91,187.07601064188162,217.78099246474255,-2.706588279068942,1.5095129643375227,1.0,179.64138384528562,222.02976504418808,-2.996437276986915,1.3438688091934468,0.14071159228760566,-1.4158183769903416e-05,-0.032982210793209024,-2.5542938638155577,-1.7220732909865692e-06,-6.584720539542176e-05,-0.005010047577396049,-0.003798170984761269,0.01007209109960675,-0.00021875931156624767
10.93,187.07601064188162,217.78099246474255,-2.706588279068942,1.5095129643375227,1.0,179.6413737637748,222.02977317463373,-2.9964376700282735,1.343868492217008,0.14071159790012483,-1.415825396790554e-05,-0.03298223337205696,-2.5542937653414204,-1.7168579341434549e-06,-6.586699422137616e-05,-0.0050100812671598815,-0.003798175831318186,0.010072166486635321,-0.00021879930122782406
10.95,187.07601064188162,217.78099246474255,-2.706588279068942,1.5095129643375227,1.0,179.64136368212883,222.0297813043533,-2.996438063074899,1.3438681752688777,0.14071160351246959,-1.415832447861937e-05,-0.03298225595060649,-2.55429366681773,-1.711685563113058e-06,-6.588671243652869e-05,-0.005010115107712734,-0.003798180654256856,0.010072242257730792,-0.00021883913082118228
10.97,187.07601064188162,217.78099246474255,-2.706588279068942,1.5095129643375227,1.0,179.64135360034908,222.02978943334904,-2.996438456126742,1.3438678583489656,0.1407116091246403,-1.4158395301166657e-05,-0.032982278528857135,-2.5542935682446903,-1.7065560375682841e-06,-6.590636035710688e-05,-0.005010149098520275,-0.0037981854533377054,0.010072318411584326,-0.00021887880101165098
11.0,187.07601064188162,217.78099246474255,-2.706588279068942,1.5095129643375227,1.0,179.64134351843674,222.0297975616233,-2.9964388491837526,1.3438675414571815,0.14071161473663735,-1.4158466433879426e-05,-0.032982301106808734,-2.5542934696225053,-1.7014692044919942e-06,-6.592593820256248e-05,-0.005010183238957342,-0.003798190228944987,0.010072394946484443,-0.00021891831230307974
11.02,187.07601064188162,217.78099246474255,-2.706588279068942,1.5095129643375227,1.0,179.6413334363931,222.02980568917835,-2.996439242245882,1.343867224593436,0.14071162034846105,-1.41585378756347e-05,-0.03298232368446075,-2.5542933709513775,-1.6964248892301689e-06,-6.594544637054706e-05,-0.005010217528495802,-0.0037981949807803085,0.010072471861133938,-0.00021895766553722495
11.04,187.07601064188162,217.78099246474255,-2.706588279068942,1.5095129643375227,1.0,179.64132335421948,222.0298138160165,-2.9964396353130813,1.3438669077576406,0.14071162596011166,-1.4158609625012703e-05,-0.03298234626181298,-2.554293272231509,-1.6914228516383151e-06,-6.596488502152726e-05,-0.005010251966479639,-0.0037981997093120344,0.010072549154031604,-0.0002189968612418893
11.06,187.07601064188162,217.78099246474255,-2.706588279068942,1.5095129643375227,1.0,179.64131327191706,222.02982194214007,-2.9964400283853,1.343866590949706,0.14071163157158964,-1.415868168065441e-05,-0.03298236883886501,-2.5542931734631003,-1.6864630028108792e-06,-6.598425450993431e-05,-0.0050102865523812415,-0.0037982044144111446,0.010072626823615167,-0.00021903590006678103
11.08,187.07601064188162,217.78099246474255,-2.706588279068942,1.5095129643375227,1.0,179.64130318948708,222.0298300675512,-2.996440421462492,1.343866274169544,0.14071163718289514,-1.4158754041405601e-05,-0.03298239141561658,-2.5542930746463512,-1.6815451974585898e-06,-6.600355498262051e-05,-0.005010321285610704,-0.003798209096121251,0.010072704868560331,-0.00021907478240732034
11.1,187.07601064188162,217.78099246474255,-2.706588279068942,1.5095129643375227,1.0,179.64129310693085,222.0298381922522,-2.9964408145446066,1.3438659574170668,0.14071164279402862,-1.4158826705700704e-05,-0.032982413992067354,-2.554292975781461,-1.6766691567326715e-06,-6.602278689646774e-05,-0.00501035616556807,-0.0037982137547434504,0.010072783287225997,-0.0002191135093143764
11.12,187.07601064188162,217.78099246474255,-2.706588279068942,1.5095129643375227,1.0,179.64128302424956,222.0298463162454,-2.996441207631596,1.3438656406921865,0.1407116484049904,-1.4158899672494849e-05,-0.03298243656821685,-2.554292876868628,-1.671834836871255e-06,-6.604195038117399e-05,-0.005010391191721941,-0.003798218390159522,0.010072862078277296,-0.00021915208102576804
11.14,187.07601064188162,217.78099246474255,-2.706588279068942,1.5095129643375227,1.0,179.6412729414445,222.02985443953295,-2.9964416007234114,1.3438653239948155,0.1407116540157807,-1.415897294067721e-05,-0.03298245914406492,-2.554292777908053,-1.667041980676215e-06,-6.606104577913622e-05,-0.005010426363483634,-0.0037982230022663857,0.010072941240468486,-0.00021919049840082264
11.16,187.07601064188162,217.78099246474255,-2.706588279068942,1.5095129643375227,1.0,179.64126285851682,222.02986256211716,-2.996441993820007,1.3438650073248664,0.14071165962639992,-1.4159046508432277e-05,-0.03298248171961117,-2.5542926788999316,-1.6622904754656602e-06,-6.608007337132387e-05,-0.005010461680273791,-0.003798227591483179,0.01007302077196932,-0.00021922876198429472
11.18,187.07601064188162,217.78099246474255,-2.706588279068942,1.5095129643375227,1.0,179.64125277547956,222.0298706840082,-2.996442386920875,1.3438646906819418,0.14071166523676726,-1.4159119076436233e-05,-0.03298250429552179,-2.554292579845582,-1.6577036186226366e-06,-6.609905104561976e-05,-0.005010497179423176,-0.0037982316331889327,0.010073100707972482,-0.00021926675127800804
11.2,187.07601064188162,217.78099246474255,-2.706588279068942,1.5095129643375227,1.0,179.64124269235722,222.02987880522025,-2.99644278002506,1.3438643740654885,0.1407116708466225,-1.4159189568528695e-05,-0.03298252687245947,-2.554292480747276,-1.653394954729626e-06,-6.611790672008251e-05,-0.005010532845159938,-0.0037982340340292193,0.010073181463415763,-0.00021930423856313008
11.22,187.07601064188162,217.78099246474255,-2.706588279068942,1.5095129643375227,1.0,179.64123260913084,222.02988692572632,-2.996443173133301,1.3438640574765564,0.14071167645628574,-1.4159260366437053e-05,-0.032982549449088946,-2.5542923816023833,-1.6491327977049587e-06,-6.613668370463217e-05,-0.005010568649266556,-0.0037982363402193947,0.010073262617821578,-0.0002193415504303772
11.24,187.07601064188162,217.78099246474255,-2.706588279068942,1.5095129643375227,1.0,179.64122252580032,222.02989504552676,-2.9964435662456004,1.343863740915136,0.14071168206577278,-1.4159331468677299e-05,-0.03298257202537838,-2.5542922824109118,-1.6449103157866992e-06,-6.615539396838597e-05,-0.005010604595668652,-0.0037982386302558508,0.010073344133600289,-0.00021937871209974877
11.26,187.07601064188162,217.78099246474255,-2.706588279068942,1.5095129643375227,1.0,179.64121244236696,222.02990316462373,-2.9964439593619114,1.343863424381141,0.14071168767508402,-1.4159402875410847e-05,-0.032982594601327284,-2.554292183173054,-1.6407271863822003e-06,-6.617403785828308e-05,-0.005010640683920983,-0.003798240904227801,0.010073426009920857,-0.00021941572452821933
11.28,187.07601064188162,217.78099246474255,-2.706588279068942,1.5095129643375227,1.0,179.6412023588318,222.02991128301943,-2.9964443524821904,1.3438631078744858,0.14071169328421984,-1.4159474585511253e-05,-0.032982617176935465,-2.5542920838890004,-1.636583326921335e-06,-6.619261567007738e-05,-0.00501067691349471,-0.0037982431621399956,0.010073508245216939,-0.00021945258826046996
11.3,187.07601064188162,217.78099246474255,-2.706588279068942,1.5095129643375227,1.0,179.64119227519606,222.0299194007161,-2.9964447456063916,1.343862791395085,0.14071169889318064,-1.4159546596984237e-05,-0.03298263975220267,-2.5542919845589394,-1.6324784778474046e-06,-6.621112770823474e-05,-0.005010713283776946,-0.003798245404480288,0.010073590837900347,-0.00021948930407627687
11.32,187.07601064188162,217.78099246474255,-2.706588279068942,1.5095129643375227,1.0,179.64118219146084,222.0299275177159,-2.9964451387344706,1.3438624749428512,0.1407117045019666,-1.4159618909581594e-05,-0.03298266232712877,-2.554291885183067,-1.6284125863369947e-06,-6.62295742495617e-05,-0.005010749794317475,-0.003798247630472309,0.010073673787012698,-0.00021952587248393824
11.34,187.07601064188162,217.78099246474255,-2.706588279068942,1.5095129643375227,1.0,179.6411721076273,222.029935634021,-2.9964455318663816,1.3438621585177004,0.14071171011057812,-1.4159691520921991e-05,-0.032982684901713494,-2.554291785761567,-1.6243854783125561e-06,-6.624795544451012e-05,-0.005010786444475407,-0.0037982498410111714,0.010073757090670928,-0.00021956229388890884
11.38,187.07601064188162,217.78099246474255,-2.706588279068942,1.5095129643375227,1.0,179.6411620236966,222.0299437496336,-2.9964459250020816,1.3438618421195478,0.14071171571901553,-1.4159764430649619e-05,-0.03298270747595667,-2.5542916862946314,-1.6203969316593361e-06,-6.626627173411884e-05,-0.005010823233766929,-0.003798252035560985,0.010073840747888326,-0.0002195985692773651
11.4,187.07601064188162,217.78099246474255,-2.706588279068942,1.5095129643375227,1.0,179.64115193966987,222.02995186455587,-2.9964463181415253,1.3438615257483084,0.14071172132727913,-1.4159837637086086e-05,-0.03298273004985814,-2.5542915867824485,-1.6164468283375337e-06,-6.628452317757267e-05,-0.005010860161596263,-0.0037982542145006525,0.010073924757194928,-0.00021963469885783685
11.42,187.07601064188162,217.78099246474255,-2.706588279068942,1.5095129643375227,1.0,179.64114185554823,222.02995997879003,-2.9964467112846696,1.3438612094038973,0.14071172693536932,-1.4159911139023367e-05,-0.032982752623417724,-2.554291487225206,-1.6125350369023805e-06,-6.630271019586828e-05,-0.005010897227479918,-0.0037982563776240625,0.010074009117191883,-0.00021967068344749076
11.44,187.07601064188162,217.78099246474255,-2.706588279068942,1.5095129643375227,1.0,179.64113177133282,222.02996809233815,-2.9964471044314687,1.3438608930862317,0.14071173254328626,-1.4159984935187484e-05,-0.03298277519663503,-2.5542913876230893,-1.6086614568210133e-06,-6.63208329084242e-05,-0.005010934430847004,-0.0037982585251068145,0.010074093826445025,-0.00021970652333329558
11.46,187.07601064188162,217.78099246474255,-2.706588279068942,1.5095129643375227,1.0,179.64112168702476,222.0299762052024,-2.99644749758188,1.3438605767952276,0.14071173815103039,-1.416005902407882e-05,-0.03298279776951009,-2.554291287976282,-1.6048258265338863e-06,-6.633889162696436e-05,-0.005010971771133012,-0.003798260657227441,0.010074178883604118,-0.0002197422193196509
11.48,187.07601064188162,217.78099246474255,-2.706588279068942,1.5095129643375227,1.0,179.64111160262524,222.02998431738493,-2.996447890735858,1.3438602605308017,0.140711743758602,-1.4160133405289496e-05,-0.032982820342042606,-2.554291188284973,-1.60102809932533e-06,-6.635688655918606e-05,-0.005011009247864774,-0.0037982627734585313,0.010074264287601765,-0.00021977777178839206
11.5,187.07601064188162,217.78099246474255,-2.706588279068942,1.5095129643375227,1.0,179.64110151813526,222.02999242888788,-2.996448283893362,1.3438599442928707,0.1407117493660014,-1.4160208076528431e-05,-0.03298284291423245,-2.5542910885493444,-1.5972679790571221e-06,-6.637481811873192e-05,-0.005011046860442489,-0.0037982648744401713,0.010074350036714079,-0.00021981318173420051
11.52,187.07601064188162,217.78099246474255,-2.706588279068942,1.5095129643375227,1.0,179.64109143355594,222.0300005397133,-2.996448677054349,1.3438596280813528,0.14071175497322885,-1.4160283037184668e-05,-0.032982865486079406,-2.554290988769582,-1.5935454255408153e-06,-6.639268645693863e-05,-0.005011084608387394,-0.00379826695989227,0.010074436129787563,-0.00021984844943258728
11.54,187.07601064188162,217.78099246474255,-2.706588279068942,1.5095129643375227,1.0,179.6410813488884,222.0300086498634,-2.9964490702187745,1.343859311896165,0.14071176058028478,-1.4160358285848847e-05,-0.03298288805758318,-2.554290888945868,-1.589860330595042e-06,-6.641049173683258e-05,-0.0050111224911506816,-0.0037982690299802765,0.010074522565398198,-0.00021988357525036572
11.56,187.07601064188162,217.78099246474255,-2.706588279068942,1.5095129643375227,1.0,179.64107126413387,222.03001675934019,-2.9964494633865937,1.3438589957372256,0.14071176618716938,-1.4160433821311209e-05,-0.03298291062874372,-2.5542907890783826,-1.5862124818250304e-06,-6.642823430817014e-05,-0.005011160508204028,-0.0037982710846775312,0.010074609342268928,-0.00021991855999669798
11.58,187.07601064188162,217.78099246474255,-2.706588279068942,1.5095129643375227,1.0,179.6410611792933,222.03002486814577,-2.996449856557766,1.343858679604453,0.14071177179388303,-1.4160509642518203e-05,-0.03298293319956077,-2.5542906891673103,-1.5826017572564098e-06,-6.644591437626241e-05,-0.0050111986590322625,-0.0037982731239344443,0.010074696459155827,-0.00021995340413313692
11.6,187.07601064188162,217.78099246474255,-2.706588279068942,1.5095129643375227,1.0,179.6410510943678,222.03003297628229,-2.996450249732249,1.3438583634977652,0.14071177740042606,-1.4160585748008399e-05,-0.03298295577003414,-2.5542905892128296,-1.5790279524890982e-06,-6.646353223741568e-05,-0.00501123694310229,-0.003798275148042272,0.010074783914646643,-0.0002199881083623708
11.62,187.07601064188162,217.78099246474255,-2.706588279068942,1.5095129643375227,1.0,179.64104100935853,222.03004108375183,-2.9964506429099993,1.3438580474170823,0.14071178300679874,-1.4160662136599808e-05,-0.03298297834016363,-2.5542904892151213,-1.5754909572555063e-06,-6.648108812354876e-05,-0.005011275359883503,-0.0037982771570049673,0.01007487170735164,-0.00022002267316822223
11.64,187.07601064188162,217.78099246474255,-2.706588279068942,1.5095129643375227,1.0,179.6410309242665,222.0300491905564,-2.996451036090975,1.3438577313623228,0.14071178861300132,-1.4160738807356905e-05,-0.032983000909949135,-2.554290389174366,-1.5719906727767931e-06,-6.649858221097674e-05,-0.0050113139088866394,-0.003798279150656868,0.010074959836143508,-0.00022005709894099525
11.66,187.07601064188162,217.78099246474255,-2.706588279068942,1.5095129643375227,1.0,179.64102083909285,222.03005729669812,-2.9964514292751336,1.3438574153334066,0.1407117942190342,-1.4160815758696761e-05,-0.03298302347939039,-2.55429028909074,-1.5685268885942466e-06,-6.651601483529998e-05,-0.005011352589563046,-0.003798281129242694,0.010075048299551276,-0.00022009138645374062
11.68,187.07601064188162,217.78099246474255,-2.706588279068942,1.5095129643375227,1.0,179.64101075383854,222.03006540217896,-2.9964518224624346,1.3438570993302532,0.14071179982489765,-1.4160892989815763e-05,-0.03298304604848727,-2.5542901889644254,-1.5650994871271168e-06,-6.653338618191519e-05,-0.005011391401424442,-0.003798283092648838,0.010075137096456301,-0.0002201255361348934
11.7,187.07601064188162,217.78099246474255,-2.706588279068942,1.5095129643375227,1.0,179.6410006685048,222.0300735070011,-2.9964522156528344,1.3438567833527835,0.14071180543059195,-1.4160970499115364e-05,-0.03298306861723952,-2.5542900887955953,-1.5617083101210263e-06,-6.655069658571578e-05,-0.005011430343939184,-0.003798285041116584,0.010075226225289027,-0.00022015954868531218
11.72,187.07601064188162,217.78099246474255,-2.706588279068942,1.5095129643375227,1.0,179.64099058309262,222.03008161116642,-2.996452608846292,1.3438564674009177,0.14071181103611743,-1.4161048285896088e-05,-0.032983091185647,-2.554289988584429,-1.5583532514763842e-06,-6.656794614888568e-05,-0.005011469416615312,-0.0037982869744851676,0.01007531568505394,-0.00022019342438999711
11.74,187.07601064188162,217.78099246474255,-2.706588279068942,1.5095129643375227,1.0,179.640980497603,222.03008971467713,-2.996453002042767,1.3438561514745764,0.14071181664147436,-1.416112634852988e-05,-0.032983113753709645,-2.554289888331101,-1.555034080325023e-06,-6.658513525035763e-05,-0.005011508618910672,-0.003798288892931415,0.010075405474321971,-0.00022022716412043093
11.76,187.07601064188162,217.78099246474255,-2.706588279068942,1.5095129643375227,1.0,179.64097041203715,222.03009781753508,-2.996453395242216,1.343855835573681,0.14071182224666307,-1.4161204685996168e-05,-0.03298313632142702,-2.554289788035786,-1.5517507952782965e-06,-6.660226394950336e-05,-0.005011547950340287,-0.0037982907965395138,0.010075495591750841,-0.00022026076794143633
11.79,187.07601064188162,217.78099246474255,-2.706588279068942,1.5095129643375227,1.0,179.64096032639605,222.03010591974234,-2.9964537884445983,1.3438555196981536,0.14071182785168385,-1.4161283297140733e-05,-0.032983158888799095,-2.5542896876986583,-1.548503153617816e-06,-6.661933262374066e-05,-0.005011587410396977,-0.0037982926853422925,0.010075586036118715,-0.00022029423674589177
11.81,187.07601064188162,217.78099246474255,-2.706588279068942,1.5095129643375227,1.0,179.64095024068072,222.03011402130096,-2.9964541816498746,1.3438552038479155,0.14071183345653693,-1.4161362180838865e-05,-0.03298318145582567,-2.554289587319893,-1.5452910286884933e-06,-6.66363415505076e-05,-0.005011626998589078,-0.0037982945591637754,0.010075676806209794,-0.00022032757111992233
11.83,187.07601064188162,217.78099246474255,-2.706588279068942,1.5095129643375227,1.0,179.64094015489226,222.03012212221287,-2.996454574858002,1.3438548880228889,0.1407118390612227,-1.4161441336050898e-05,-0.032983204022506554,-2.554289486899664,-1.5421142973964103e-06,-6.665329089024344e-05,-0.005011666714405691,-0.0037982964182754707,0.010075767900676508,-0.00022036077144487696
11.85,187.07601064188162,217.78099246474255,-2.706588279068942,1.5095129643375227,1.0,179.64093006903164,222.03013022248012,-2.996454968068942,1.343854572222996,0.14071184466574138,-1.4161520761494176e-05,-0.03298322658884163,-2.554289386438142,-1.5389727974698952e-06,-6.66701808377103e-05,-0.005011706557340784,-0.003798298262604733,0.0100758593184394,-0.00022039383822300285
11.87,187.07601064188162,217.78099246474255,-2.706588279068942,1.5095129643375227,1.0,179.6409199831,222.0301383221047,-2.996455361282652,1.3438542564481593,0.14071185027009334,-1.4161600455934635e-05,-0.03298324915483065,-2.554289285935501,-1.535866399168871e-06,-6.668701172176395e-05,-0.005011746526897668,-0.0037983000923730846,0.01007595105795857,-0.00022042677210900354
11.9,187.07601064188162,217.78099246474255,-2.706588279068942,1.5095129643375227,1.0,179.64090989709828,222.03014642108852,-2.996455754499092,1.3438539406983026,0.14071185587427879,-1.416168041834824e-05,-0.03298327172047337,-2.5542891853919096,-1.532794989815892e-06,-6.670378374345725e-05,-0.005011786622601698,-0.00379830190733045,0.010076043118190903,-0.00022045957355483554
11.92,187.07601064188162,217.78099246474255,-2.706588279068942,1.5095129643375227,1.0,179.64089981102757,222.0301545194336,-2.996456147718223,1.3438536249733486,0.14071186147829803,-1.4161760647677962e-05,-0.032983294285769876,-2.5542890848075404,-1.529758371973406e-06,-6.67204970843205e-05,-0.00501182684393244,-0.003798303707680471,0.010076135497975631,-0.00022049224307942687
11.94,187.07601064188162,217.78099246474255,-2.706588279068942,1.5095129643375227,1.0,179.6408897248889,222.03016261714185,-2.9964565409400046,1.3438533092732208,0.14071186708215142,-1.4161841142455432e-05,-0.03298331685071973,-2.5542889841825627,-1.5267564207301553e-06,-6.673715210461678e-05,-0.005011867190398975,-0.0037983054936890238,0.010076228195696141,-0.00022052478137818315
11.96,187.07601064188162,217.78099246474255,-2.706588279068942,1.5095129643375227,1.0,179.64087963868326,222.0301707142153,-2.996456934164396,1.3438529935978434,0.14071187268583915,-1.416192190194646e-05,-0.03298333941532283,-2.554288883517145,-1.5237891068215718e-06,-6.675374884297812e-05,-0.005011907661542271,-0.0037983072650445704,0.01007632121042031,-0.0002205571885388251
11.98,187.07601064188162,217.78099246474255,-2.706588279068942,1.5095129643375227,1.0,179.64086955241166,222.03017881065585,-2.996457327391359,1.3438526779471403,0.1407118782893616,-1.4162002924694825e-05,-0.03298336197957907,-2.5542887828114558,-1.5208561160801265e-06,-6.677028774652971e-05,-0.0050119482568396646,-0.003798309021965825,0.010076414540860012,-0.00022058946565324414
12.0,187.07601064188162,217.78099246474255,-2.706588279068942,1.5095129643375227,1.0,179.6408594660751,222.0301869064654,-2.996457720620853,1.3438523623210366,0.140711883892719,-1.4162084209926414e-05,-0.032983384543488245,-2.5542886820656645,-1.517957469146427e-06,-6.678676888003049e-05,-0.005011988975836276,-0.0037983107643959424,0.010076508185761937,-0.0002206216127712301
12.02,187.07601064188162,217.78099246474255,-2.706588279068942,1.5095129643375227,1.0,179.64084937967468,222.03019500164592,-2.996458113852839,1.3438520467194561,0.14071188949591165,-1.4162165756434944e-05,-0.03298340710705023,-2.5542885812799367,-1.5150929531746729e-06,-6.680319247502834e-05,-0.00501202981802611,-0.0037983124923876136,0.010076602144051322,-0.00022065363051722883
12.04,187.07601064188162,217.78099246474255,-2.706588279068942,1.5095129643375227,1.0,179.64083929321134,222.03020309619933,-2.996458507087277,1.3438517311423255,0.14071189509893978,-1.4162247562564587e-05,-0.032983429670264665,-2.5542884804544377,-1.5122624180257402e-06,-6.681955894298608e-05,-0.005012070782924077,-0.0037983142063123315,0.01007669641404907,-0.00022068551969724594
12.06,187.07601064188162,217.78099246474255,-2.706588279068942,1.5095129643375227,1.0,179.64082920668608,222.03021119012757,-2.9964589003241295,1.3438514155895682,0.14071190070180375,-1.4162329628237238e-05,-0.03298345223313167,-2.554288379589337,-1.509465776386768e-06,-6.683586834014697e-05,-0.005012111870073913,-0.003798315905614793,0.010076790995105524,-0.00022071728051606995
12.08,187.07601064188162,217.78099246474255,-2.706588279068942,1.5095129643375227,1.0,179.6408191200999,222.03021928343247,-2.996459293563356,1.343851100061112,0.1407119063045038,-1.416241195144126e-05,-0.03298347479565086,-2.5542882786847962,-1.506702894608046e-06,-6.68521208442787e-05,-0.00501215307896658,-0.0037983175908607894,0.01007688588570362,-0.0002207489133853797
12.1,187.07601064188162,217.78099246474255,-2.706588279068942,1.5095129643375227,1.0,179.64080903345388,222.030227376116,-2.9964596868049176,1.3438507845568812,0.14071191190704016,-1.4162494531725377e-05,-0.03298349735782209,-2.554288177740982,-1.503973601609844e-06,-6.686831682549649e-05,-0.005012194409157058,-0.003798319261753464,0.010076981084785558,-0.00022078041910369528
12.12,187.07601064188162,217.78099246474255,-2.706588279068942,1.5095129643375227,1.0,179.64079894674887,222.03023546818,-2.9964600800487773,1.3438504690768032,0.14071191750941323,-1.416257736740426e-05,-0.03298351991964532,-2.5542880767580565,-1.5012777543860038e-06,-6.688445647566702e-05,-0.00501223586012464,-0.0037983209187209847,0.010077076590889649,-0.0002208117981221772
12.14,187.07601064188162,217.78099246474255,-2.706588279068942,1.5095129643375227,1.0,179.64078885998595,222.03024355962643,-2.996460473294896,1.3438501536208032,0.1407119231116232,-1.4162660457774963e-05,-0.03298354248112028,-2.5542879757361856,-1.4986152468887595e-06,-6.690054003471858e-05,-0.005012277431450282,-0.003798322561368512,0.010077172403114515,-0.00022084305095251816
12.16,187.07601064188162,217.78099246474255,-2.706588279068942,1.5095129643375227,1.0,179.64077877316603,222.03025165045702,-2.996460866543234,1.3438498381888093,0.1407119287136703,-1.4162743801776993e-05,-0.03298356504224682,-2.55428787467553,-1.4959859685049863e-06,-6.691656761795343e-05,-0.005012319122629364,-0.003798324190011094,0.010077268520141403,-0.00022087417788742
12.18,187.07601064188162,217.78099246474255,-2.706588279068942,1.5095129643375227,1.0,179.64076868629022,222.03025974067378,-2.9964612597937537,1.3438495227807492,0.1407119343155549,-1.416282739807215e-05,-0.032983587603024715,-2.5542877735762524,-1.4933897405270498e-06,-6.693253956733226e-05,-0.005012360933196793,-0.003798325804610552,0.010077364940776214,-0.00022090517968127328
12.2,187.07601064188162,217.78099246474255,-2.706588279068942,1.5095129643375227,1.0,179.6407585993594,222.03026783027855,-2.996461653046417,1.3438492073965485,0.14071193991727723,-1.4162911246007826e-05,-0.032983610163453914,-2.5542876724385133,-1.490826520790761e-06,-6.694845597436663e-05,-0.005012402862714337,-0.0037983274050777858,0.010077461663955093,-0.0002209360565143082
12.22,187.07601064188162,217.78099246474255,-2.706588279068942,1.5095129643375227,1.0,179.64074851237453,222.03027591927315,-2.996462046301188,1.3438488920361358,0.14071194551883762,-1.4162995344207635e-05,-0.03298363272353422,-2.554287571262475,-1.4882960565106972e-06,-6.696431721737097e-05,-0.005012444910683985,-0.00379832899167534,0.01007755868836858,-0.0002209668092864119
12.24,187.07601064188162,217.78099246474255,-2.706588279068942,1.5095129643375227,1.0,179.6407384253366,222.03028400765936,-2.9964624395580275,1.3438485766994388,0.1407119511202362,-1.4163079691713489e-05,-0.03298365528326536,-2.5542874700482985,-1.485798297161411e-06,-6.698012344774453e-05,-0.005012487076658437,-0.0037983305642512555,0.010077656012892578,-0.0002209974382842879
12.26,187.07601064188162,217.78099246474255,-2.706588279068942,1.5095129643375227,1.0,179.64072833824662,222.03029209543917,-2.9964628328168965,1.3438482613863867,0.1407119567214734,-1.4163164287218432e-05,-0.03298367784264742,-2.554287368796139,-1.4833330935433474e-06,-6.699587474269045e-05,-0.00501252936012523,-0.0037983321232521686,0.010077753636279392,-0.00022102794378936935
12.28,187.07601064188162,217.78099246474255,-2.706588279068942,1.5095129643375227,1.0,179.64071825110548,222.03030018261433,-2.9964632260777595,1.3438479460969073,0.14071196232254937,-1.4163249129965712e-05,-0.032983700401679986,-2.554287267506157,-1.4809003176623203e-06,-6.701157152948827e-05,-0.00501257176069399,-0.0037983336682609974,0.01007785155746585,-0.0002210583266369368
12.3,187.07601064188162,217.78099246474255,-2.706588279068942,1.5095129643375227,1.0,179.64070816391416,222.03030826918666,-2.9964636193405787,1.343847630830929,0.1407119679234644,-1.416333421885839e-05,-0.032983722960362984,-2.554287166178513,-1.4784998622256827e-06,-6.702721396681372e-05,-0.005012614277897764,-0.003798335199395476,0.01007794977526353,-0.00022108858719204012
12.32,187.07601064188162,217.78099246474255,-2.706588279068942,1.5095129643375227,1.0,179.64069807667363,222.030316355158,-2.9964640126053164,1.3438473155883819,0.14071197352421883,-1.4163419552717946e-05,-0.032983745518696324,-2.5542870648133618,-1.4761315492522152e-06,-6.704280223605421e-05,-0.0050126569112306394,-0.0037983367169069685,0.010078048288465853,-0.00022111872594547614
12.34,187.07601064188162,217.78099246474255,-2.706588279068942,1.5095129643375227,1.0,179.64068798938482,222.03032444053014,-2.996464405871937,1.3438470003691945,0.1407119791248128,-1.4163505131002854e-05,-0.032983768076679874,-2.5542869634108634,-1.473795278986536e-06,-6.705833655195736e-05,-0.005012699660299496,-0.003798338220444249,0.0100781470962335,-0.00022114874336085833
12.36,187.07601064188162,217.78099246474255,-2.706588279068942,1.5095129643375227,1.0,179.64067790204868,222.03033252530494,-2.9964647991404023,1.3438466851732969,0.14071198472524665,-1.4163590951939259e-05,-0.03298379063431336,-2.554286861971173,-1.4714909064867526e-06,-6.707381716425866e-05,-0.0050127425245911315,-0.003798339710501327,0.01007824619699476,-0.00022117863997975706
12.38,187.07601064188162,217.78099246474255,-2.706588279068942,1.5095129643375227,1.0,179.64066781466613,222.0303406094841,-2.9964651924106764,1.3438463700006191,0.14071199032552067,-1.4163677014954394e-05,-0.032983813191596593,-2.5542867604944455,-1.4692183572230727e-06,-6.708924423656101e-05,-0.005012785503704467,-0.0037983411869375048,0.010078345589779644,-0.00022120841614302632
12.4,187.07601064188162,217.78099246474255,-2.706588279068942,1.5095129643375227,1.0,179.64065772723816,222.03034869306956,-2.996465585682722,1.3438460548510907,0.1407119959256351,-1.4163763318927017e-05,-0.03298383574852961,-2.554286658980837,-1.4669774397171528e-06,-6.710461798976604e-05,-0.005012828597148471,-0.003798342649785266,0.010078445273520985,-0.0002212380724306438
12.42,187.07601064188162,217.78099246474255,-2.706588279068942,1.5095129643375227,1.0,179.6406476397657,222.03035677606292,-2.996465978956503,1.3438457397246426,0.1407120015255902,-1.4163849862805318e-05,-0.0329838583051121,-2.5542865574305003,-1.4647680684433308e-06,-6.711993867426362e-05,-0.0050128718045083275,-0.0037983440990351823,0.010078545247024933,-0.00022126760932766198
12.44,187.07601064188162,217.78099246474255,-2.706588279068942,1.5095129643375227,1.0,179.64063755224961,222.03036485846607,-2.9964663722319838,1.3438454246212057,0.14071200712538617,-1.4163936645551362e-05,-0.03298388086134396,-2.554286455843592,-1.4625900934165477e-06,-6.713520647398574e-05,-0.00501291512530719,-0.003798345534857659,0.010078645509123811,-0.0002212970272947887
12.46,187.07601064188162,217.78099246474255,-2.706588279068942,1.5095129643375227,1.0,179.64062746469085,222.03037294028076,-2.9964667655091275,1.343845109540711,0.14071201272502332,-1.4164023666106396e-05,-0.03298390341722501,-2.554286354220263,-1.4604434330489635e-06,-6.715042162483867e-05,-0.005012958559131222,-0.003798346957201935,0.010078746058663504,-0.00022132632679076723
12.48,187.07601064188162,217.78099246474255,-2.706588279068942,1.5095129643375227,1.0,179.64061737709042,222.03038102150873,-2.9964671587878975,1.3438447944830898,0.14071201832450192,-1.4164110923729288e-05,-0.03298392597275512,-2.5542862525606664,-1.4583279568082747e-06,-6.716558424022835e-05,-0.00501300210552664,-0.0037983483660265524,0.010078846894720989,-0.00022135550814929986
12.5,187.07601064188162,217.78099246474255,-2.706588279068942,1.5095129643375227,1.0,179.64060728944918,222.03038910215176,-2.9964675520682587,1.343844479448274,0.14071202392382215,-1.416419841728665e-05,-0.03298394852793411,-2.5542861508649546,-1.4562434879700692e-06,-6.71806946358459e-05,-0.00501304576404322,-0.003798349761533109,0.010078948016033972,-0.00022138457207284377
12.52,187.07601064188162,217.78099246474255,-2.706588279068942,1.5095129643375227,1.0,179.64059720176797,222.0303971822116,-2.9964679453501755,1.3438441644361951,0.14071202952298437,-1.4164286145560043e-05,-0.03298397108276185,-2.554286049133281,-1.454189906907057e-06,-6.719575303967766e-05,-0.005013089534245423,-0.003798351143694239,0.010079049421498534,-0.00022141351905837243
12.54,187.07601064188162,217.78099246474255,-2.706588279068942,1.5095129643375227,1.0,179.64058711404786,222.03040526169,-2.9964683386336115,1.3438438494467844,0.14071203512198877,-1.4164374107823959e-05,-0.03298399363723814,-2.554285947365795,-1.45216721108806e-06,-6.721075956452933e-05,-0.005013133415725078,-0.00379835251247361,0.010079151109949775,-0.0002214423492639994
12.56,187.07601064188162,217.78099246474255,-2.706588279068942,1.5095129643375227,1.0,179.6405770262896,222.03041334058864,-2.996468731918533,1.3438435344799753,0.14071204072083562,-1.416446230298666e-05,-0.03298401619136295,-2.5542858455626467,-1.4501751393206433e-06,-6.72257144306172e-05,-0.005013177408004612,-0.003798353868006739,0.010079253080485734,-0.00022147106336176003
12.58,187.07601064188162,217.78099246474255,-2.706588279068942,1.5095129643375227,1.0,179.64056693849423,222.0304214189093,-2.9964691252049036,1.3438432195357004,0.1407120463195252,-1.4164550730044937e-05,-0.032984038745136036,-2.5542857437239856,-1.4482135876666812e-06,-6.724061791862115e-05,-0.005013221510657288,-0.003798355210345189,0.010079355331848042,-0.00022149966190620248
12.6,187.07601064188162,217.78099246474255,-2.706588279068942,1.5095129643375227,1.0,179.64055685066256,222.03042949665365,-2.996469518492688,1.3438429046138924,0.14071205191805766,-1.416463938799904e-05,-0.03298406129855732,-2.554285641849962,-1.4462824793426508e-06,-6.725547016269567e-05,-0.005013265723253102,-0.003798356539557961,0.010079457862924817,-0.0002215281451859928
12.63,187.07601064188162,217.78099246474255,-2.706588279068942,1.5095129643375227,1.0,179.6405467627955,222.0304375738235,-2.996469911781851,1.3438425897144846,0.14071205751643337,-1.416472827613388e-05,-0.03298408385162662,-2.5542855399407243,-1.4443817106736707e-06,-6.727027128739286e-05,-0.005013310045373842,-0.0037983578555216865,0.010079560672837332,-0.00022155651352005962
12.66,187.07601064188162,217.78099246474255,-2.706588279068942,1.5095129643375227,1.0,179.640536674894,222.03044565042043,-2.996470305072358,1.3438422748374097,0.14071206311465248,-1.4164817393001903e-05,-0.032984106404343655,-2.5542854379964184,-1.4425111444333564e-06,-6.728502165150992e-05,-0.005013354476587479,-0.003798359158480732,0.010079663760163421,-0.00022158476762257055
12.68,187.07601064188162,217.78099246474255,-2.706588279068942,1.5095129643375227,1.0,179.64052658695894,222.0304537264462,-2.996470698364174,1.3438419599826026,0.14071206871271533,-1.4164906738014727e-05,-0.032984128956708485,-2.5542853360171938,-1.4406705857312714e-06,-6.729972147831402e-05,-0.005013399016461548,-0.0037983604482519713,0.010079767124114618,-0.00022161290809330082
12.7,187.07601064188162,217.78099246474255,-2.706588279068942,1.5095129643375227,1.0,179.64051649899116,222.0304618019026,-2.9964710916572646,1.3438416451499962,0.14071207431062205,-1.4164996310085817e-05,-0.03298415150872091,-2.554285234003198,-1.4388599959723122e-06,-6.731437080444657e-05,-0.005013443664559923,-0.003798361725065984,0.010079870763521973,-0.00022164093501023514
12.72,187.07601064188162,217.78099246474255,-2.706588279068942,1.5095129643375227,1.0,179.64050641099152,222.03046987679122,-2.9964714849515968,1.3438413303395245,0.14071207990837303,-1.416508610808873e-05,-0.03298417406038067,-2.5542851319545754,-1.4370792631522144e-06,-6.732896995648952e-05,-0.005013488420478239,-0.0037983629889342878,0.010079974677153337,-0.00022166884901306236
12.74,187.07601064188162,217.78099246474255,-2.706588279068942,1.5095129643375227,1.0,179.64049632296107,222.03047795111368,-2.9964718782471325,1.3438410155511233,0.14071208550596837,-1.4165176131450695e-05,-0.03298419661168775,-2.5542850298714725,-1.4353282265101418e-06,-6.734351906137047e-05,-0.0050135332837849605,-0.003798364239706717,0.010080078864266501,-0.00022169665050360556
12.76,187.07601064188162,217.78099246474255,-2.706588279068942,1.5095129643375227,1.0,179.6404862349005,222.03048602487178,-2.9964722715438405,1.3438407007847266,0.14071209110340838,-1.4165266378800532e-05,-0.032984219162641874,-2.5542849277540354,-1.4336067797832228e-06,-6.735801839432957e-05,-0.005013578254057528,-0.0037983654777159277,0.010080183323461524,-0.0002217243400206332
12.78,187.07601064188162,217.78099246474255,-2.706588279068942,1.5095129643375227,1.0,179.64047614681076,222.03049409806707,-2.996472664841687,1.3438403860402695,0.14071209670069335,-1.416535684959151e-05,-0.032984241713243136,-2.5542848256024073,-1.4319147995093444e-06,-6.737246806756453e-05,-0.005013623330883513,-0.0037983667026946144,0.010080288054034372,-0.00022175191789706582
12.81,187.07601064188162,217.78099246474255,-2.706588279068942,1.5095129643375227,1.0,179.64046605869265,222.03050217070137,-2.9964730581406376,1.3438400713176861,0.14071210229782338,-1.4165447542747515e-05,-0.03298426426349125,-2.5542847234167336,-1.4302522155572144e-06,-6.738686827269095e-05,-0.005013668513835664,-0.003798367914840768,0.010080393054690722,-0.00022177938449682603
12.83,187.07601064188162,217.78099246474255,-2.706588279068942,1.5095129643375227,1.0,179.64045597054712,222.03051024277616,-2.996473451440658,1.3438397566169134,0.14071210789479893,-1.416553845696506e-05,-0.03298428681338599,-2.554284621197156,-1.4286188753717807e-06,-6.740121931817782e-05,-0.005013713802498402,-0.003798369114333914,0.010080498324212392,-0.00022180674048046819
12.85,187.07601064188162,217.78099246474255,-2.706588279068942,1.5095129643375227,1.0,179.64044588237502,222.0305183142932,-2.9964738447417143,1.3438394419378863,0.14071211349162005,-1.4165629591568972e-05,-0.03298430936292737,-2.5542845189438173,-1.4270146596825645e-06,-6.741552126815663e-05,-0.005013759196450595,-0.0037983703011017526,0.010080603861824806,-0.00022183398609256375
12.87,187.07601064188162,217.78099246474255,-2.706588279068942,1.5095129643375227,1.0,179.64043579417722,222.03052638525415,-2.9964742380437723,1.3438391272805414,0.140712119088287,-1.4165720945979537e-05,-0.032984331912115084,-2.554284416656861,-1.4254394459649626e-06,-6.742977443773395e-05,-0.005013804695312761,-0.0037983714749448717,0.010080709666530494,-0.00022186112197894795
12.89,187.07601064188162,217.78099246474255,-2.706588279068942,1.5095129643375227,1.0,179.64042570595453,222.0305344556605,-2.996474631346801,1.3438388126448149,0.1407121246848001,-1.4165812518700609e-05,-0.03298435446094914,-2.5542843143364284,-1.4238931250636685e-06,-6.744397892598494e-05,-0.005013850298631901,-0.003798372636235223,0.010080815737127082,-0.00022188814840572993
12.91,187.07601064188162,217.78099246474255,-2.706588279068942,1.5095129643375227,1.0,179.64041561770787,222.03054252551402,-2.9964750246507648,1.3438384980306421,0.1407121302811596,-1.4165904309164627e-05,-0.03298437700942936,-2.5542842119826608,-1.422375623959726e-06,-6.745813493377564e-05,-0.005013896006035712,-0.0037983737847664405,0.010080922072689406,-0.0002219150657736242
12.93,187.07601064188162,217.78099246474255,-2.706588279068942,1.5095129643375227,1.0,179.64040552943806,222.03055059481628,-2.996475417955632,1.3438381834379616,0.14071213587736553,-1.4165996316213903e-05,-0.03298439955755556,-2.554284109595698,-1.4208867496684008e-06,-6.747224272510578e-05,-0.005013941817072544,-0.0037983749208548435,0.010081028672012746,-0.00022194187472284314
12.95,187.07601064188162,217.78099246474255,-2.706588279068942,1.5095129643375227,1.0,179.6403954411459,222.03055866356894,-2.9964758112613685,1.3438378688667092,0.1407121414734184,-1.4166088539331204e-05,-0.032984422105327635,-2.554284007175682,-1.4194264448403856e-06,-6.748630249995402e-05,-0.005013987731392066,-0.0037983760441540784,0.010081135534267859,-0.0002219685756376058
12.97,187.07601064188162,217.78099246474255,-2.706588279068942,1.5095129643375227,1.0,179.6403853528323,222.03056673177352,-2.9964762045679416,1.3438375543168224,0.14071214706931823,-1.4166180977157508e-05,-0.032984444652745484,-2.554283904722751,-1.4179946062340461e-06,-6.750031425988053e-05,-0.005014033748529383,-0.0037983771550522036,0.010081242658356335,-0.0002219951686231986
12.99,187.07601064188162,217.78099246474255,-2.706588279068942,1.5095129643375227,1.0,179.64037526449806,222.03057479943166,-2.9964765978753194,1.343837239788239,0.14071215266506534,-1.4166273628890931e-05,-0.03298446719980888,-2.554283802237043,-1.41659104619914e-06,-6.751427843764123e-05,-0.005014079868108146,-0.0037983782535239512,0.010081350043172224,-0.00022202165459161443
13.01,187.07601064188162,217.78099246474255,-2.706588279068942,1.5095129643375227,1.0,179.64036517614403,222.030582866545,-2.9964769911834686,1.3438369252808962,0.14071215826065997,-1.4166366494012513e-05,-0.03298448974651777,-2.5542836997186993,-1.4152157201241088e-06,-6.752819511566911e-05,-0.0050141260897567435,-0.0037983793393196724,0.010081457687933091,-0.00022204803372210993
13.03,187.07601064188162,217.78099246474255,-2.706588279068942,1.5095129643375227,1.0,179.640355087771,222.03059093311512,-2.996477384492358,1.3438366107947324,0.1407121638561024,-1.41664595710209e-05,-0.03298451229287205,-2.554283597167855,-1.4138685188250233e-06,-6.754206444035022e-05,-0.005014172413026128,-0.003798380412866091,0.010081565591336538,-0.00022207430635242883
13.05,187.07601064188162,217.78099246474255,-2.706588279068942,1.5095129643375227,1.0,179.6403449993799,222.03059899914356,-2.9964777778019527,1.343836296329685,0.14071216945139275,-1.4166552859339853e-05,-0.032984534838871434,-2.5542834945846487,-1.4125493248804029e-06,-6.755588663234826e-05,-0.005014218837544712,-0.0037983814739978544,0.010081673752524726,-0.0002221004729738236
13.07,187.07601064188162,217.78099246474255,-2.706588279068942,1.5095129643375227,1.0,179.6403349109715,222.030607064632,-2.9964781711122224,1.3438359818856935,0.14071217504653122,-1.4166646358033846e-05,-0.03298455738451598,-2.554283391969216,-1.4112579656437368e-06,-6.756966194607688e-05,-0.005014265362889721,-0.0037983825227967446,0.010081782170463212,-0.00022212653419408744
13.09,187.07601064188162,217.78099246474255,-2.706588279068942,1.5095129643375227,1.0,179.64032482254657,222.03061512958186,-2.996478564423135,1.3438356674626957,0.1407121806415182,-1.4166740066382576e-05,-0.03298457992980541,-2.554283289321696,-1.4099944128483565e-06,-6.758339047790166e-05,-0.005014311988713161,-0.0037983835592255797,0.01008189084423431,-0.0002221524901846351
13.11,187.07601064188162,217.78099246474255,-2.706588279068942,1.5095129643375227,1.0,179.64031473410603,222.03062319399484,-2.9964789577346576,1.3438353530606308,0.14071218623635381,-1.4166833983204056e-05,-0.03298460247473963,-2.5542831866422224,-1.4087585154801867e-06,-6.759707246934844e-05,-0.0050143587145884275,-0.00379838458338996,0.010081999772741424,-0.00022217834150223083
13.13,187.07601064188162,217.78099246474255,-2.706588279068942,1.5095129643375227,1.0,179.64030464565062,222.03063125787241,-2.996479351046759,1.3438350386794384,0.14071219183103828,-1.4166928107764099e-05,-0.03298462501931859,-2.5542830839309305,-1.4075501436100653e-06,-6.761070806451944e-05,-0.005014405540103044,-0.0037983855953518885,0.01008210895504998,-0.00022220408852567764
13.15,187.07601064188162,217.78099246474255,-2.706588279068942,1.5095129643375227,1.0,179.64029455718122,222.03063932121617,-2.9964797443594064,1.3438347243190576,0.14071219742557187,-1.4167022439035188e-05,-0.032984647563541976,-2.5542829811879546,-1.4063692482321625e-06,-6.762429745623238e-05,-0.005014452464905171,-0.003798386595187156,0.010082218390064969,-0.00022222973160026236
13.17,187.07601064188162,217.78099246474255,-2.706588279068942,1.5095129643375227,1.0,179.6402844686986,222.03064738402762,-2.9964801376725694,1.3438344099794284,0.14071220301995474,-1.416711697659035e-05,-0.03298467010740985,-2.55428287841343,-1.405215676893775e-06,-6.763784085159639e-05,-0.005014499488592916,-0.003798387582645828,0.010082328077022404,-0.00022225527124626474
13.19,187.07601064188162,217.78099246474255,-2.706588279068942,1.5095129643375227,1.0,179.64027438020355,222.03065544630843,-2.9964805309862164,1.3438340956604904,0.14071220861418715,-1.4167211719098332e-05,-0.03298469265092201,-2.5542827756074895,-1.4040893532907056e-06,-6.765133836808917e-05,-0.005014546610766774,-0.0037983885581267638,0.010082438014715724,-0.00022228070771479637
13.21,187.07601064188162,217.78099246474255,-2.706588279068942,1.5095129643375227,1.0,179.64026429169692,222.03066350806,-2.9964809243003154,1.343833781362184,0.14071221420826932,-1.4167306665824943e-05,-0.03298471519407832,-2.5542826727702663,-1.402990126348272e-06,-6.766479025800966e-05,-0.005014593831047151,-0.0037983895214670584,0.010082548202306661,-0.00022230604159225167
13.23,187.07601064188162,217.78099246474255,-2.706588279068942,1.5095129643375227,1.0,179.64025420317944,222.03067156928387,-2.9964813176148364,1.3438334670844487,0.1407122198022015,-1.4167401816041203e-05,-0.03298473773687865,-2.5542825699018943,-1.401917876517572e-06,-6.767819677751269e-05,-0.005014641149069595,-0.0037983904727301823,0.010082658638767172,-0.00022233127341954981
13.25,187.07601064188162,217.78099246474255,-2.706588279068942,1.5095129643375227,1.0,179.64024411465198,222.03067962998165,-2.9964817109297472,1.343833152827226,0.14071222539598388,-1.4167497168500904e-05,-0.03298476027932285,-2.554282467002502,-1.4008726091646476e-06,-6.769155787285722e-05,-0.005014688564400452,-0.003798391412136177,0.01008276932296701,-0.000222356403074159
13.27,187.07601064188162,217.78099246474255,-2.706588279068942,1.5095129643375227,1.0,179.64023402611534,222.0306876901548,-2.9964821042450165,1.3438328385904563,0.14071223098961666,-1.4167592722921134e-05,-0.03298478282141087,-2.5542823640722245,-1.3998540734985743e-06,-6.77048739766165e-05,-0.00501473607671676,-0.003798392339358475,0.010082880254285567,-0.00022238143156945355
13.29,187.07601064188162,217.78099246474255,-2.706588279068942,1.5095129643375227,1.0,179.64022393757028,222.0306957498048,-2.996482497560614,1.3438325243740812,0.14071223658310011,-1.41676884781442e-05,-0.032984805363142466,-2.5542822611111924,-1.3988622342541585e-06,-6.771814512075881e-05,-0.005014783685608119,-0.0037983932546521385,0.010082991431601341,-0.00022240635897202184
13.31,187.07601064188162,217.78099246474255,-2.706588279068942,1.5095129643375227,1.0,179.64021384901756,222.03070380893325,-2.996482890876509,1.343832210178041,0.1407122421764344,-1.4167784433373435e-05,-0.03298482790451766,-2.554282158119536,-1.3978969703015145e-06,-6.773137145952234e-05,-0.0050148313906839305,-0.0037983941580629677,0.01008310285400278,-0.0002224311856660154
13.33,187.07601064188162,217.78099246474255,-2.706588279068942,1.5095129643375227,1.0,179.640203760458,222.03071186754156,-2.99648328419267,1.343831896002278,0.14071224776961977,-1.4167880587463294e-05,-0.03298485044553618,-2.5542820550973837,-1.3969582089055303e-06,-6.774455331054211e-05,-0.005014879191583395,-0.0037983950496715026,0.01008321452023089,-0.00022245591222269155
13.35,187.07601064188162,217.78099246474255,-2.706588279068942,1.5095129643375227,1.0,179.6401936718924,222.03071992563127,-2.9964836775090675,1.343831581846734,0.14071225336265641,-1.4167976940044085e-05,-0.03298487298619796,-2.5542819520448656,-1.3960458375145276e-06,-6.775769067430271e-05,-0.005014927087929187,-0.0037983959293639616,0.010083326429729738,-0.00022248053878245127
13.37,187.07601064188162,217.78099246474255,-2.706588279068942,1.5095129643375227,1.0,179.64018358332154,222.0307279832039,-2.9964840708256713,1.34383126771135,0.14071225895554457,-1.4168073489834881e-05,-0.032984895526502946,-2.554281848962112,-1.395159660590368e-06,-6.777078393184222e-05,-0.005014975079337496,-0.003798396797356883,0.010083438581337251,-0.00022250506617824063
13.39,187.07601064188162,217.78099246474255,-2.706588279068942,1.5095129643375227,1.0,179.6401734947461,222.0307360402608,-2.996484464142451,1.3438309535960697,0.1407122645482844,-1.41681702363497e-05,-0.032984918066450944,-2.554281745849249,-1.3942997068005494e-06,-6.778383308907339e-05,-0.0050150231654346985,-0.0037983976535302753,0.010083550974112154,-0.0002225294943641943
13.41,187.07601064188162,217.78099246474255,-2.706588279068942,1.5095129643375227,1.0,179.64016340616706,222.03074409680357,-2.996484857459374,1.3438306395008348,0.14071227014087617,-1.4168267178807487e-05,-0.03298494060604176,-2.5542816427064072,-1.3934658081948912e-06,-6.779683837450956e-05,-0.005015071345881334,-0.0037983984978684562,0.010083663607313647,-0.0002225538239095715
13.43,187.07601064188162,217.78099246474255,-2.706588279068942,1.5095129643375227,1.0,179.64015331758495,222.03075215283366,-2.996485250776414,1.3438303254255874,0.1407122757333201,-1.4168364316177261e-05,-0.03298496314527544,-2.554281539533713,-1.392657879311916e-06,-6.780979995203262e-05,-0.005015119620277678,-0.003798399330508227,0.010083776479839449,-0.00022257805516025754
13.46,187.07601064188162,217.78099246474255,-2.706588279068942,1.5095129643375227,1.0,179.6401432290007,222.0307602083525,-2.9964856440935397,1.3438300113702717,0.1407122813256164,-1.4168461647674497e-05,-0.03298498568415172,-2.5542814363312933,-1.3918757722865055e-06,-6.782271806994624e-05,-0.005015167988260154,-0.0037984001515198383,0.010083889590750303,-0.0002226021886839238
13.49,187.07601064188162,217.78099246474255,-2.706588279068942,1.5095129643375227,1.0,179.64013314041503,222.0307682633616,-2.9964860374107207,1.3438296973348292,0.1407122869177652,-1.4168559172394916e-05,-0.032985008222670545,-2.5542813330992753,-1.39111944023895e-06,-6.783559278979298e-05,-0.005015216449451663,-0.0037984009609531386,0.010084002939112635,-0.00022262622461876642
13.51,187.07601064188162,217.78099246474255,-2.706588279068942,1.5095129643375227,1.0,179.64012305182862,222.03077631786243,-2.9964864307279284,1.3438293833192043,0.1407122925097668,-1.4168656889597383e-05,-0.03298503076083184,-2.554281229837783,-1.3903887287466596e-06,-6.784842437857516e-05,-0.005015265003496338,-0.0037984017587357802,0.010084116524078313,-0.00022265016357643115
13.53,187.07601064188162,217.78099246474255,-2.706588279068942,1.5095129643375227,1.0,179.6401129632424,222.0307843718563,-2.9964868240451317,1.343829069323341,0.14071229810162134,-1.4168754798499116e-05,-0.03298505329863534,-2.5542811265469436,-1.3896835721289918e-06,-6.786121292207839e-05,-0.005015313650020333,-0.0037984025450580783,0.010084230344650643,-0.00022267400575352796
13.55,187.07601064188162,217.78099246474255,-2.706588279068942,1.5095129643375227,1.0,179.64010287465695,222.03079242534477,-2.9964872173623025,1.3438287553471817,0.1407123036933291,-1.4168852898438826e-05,-0.03298507583608105,-2.5542810232268818,-1.3890038965410452e-06,-6.78739586473717e-05,-0.005015362388694279,-0.00379840331970038,0.010084344399977796,-0.00022269775159542286
13.57,187.07601064188162,217.78099246474255,-2.706588279068942,1.5095129643375227,1.0,179.6400927860731,222.03080047832927,-2.9964876106794107,1.3438284413906711,0.14071230928489026,-1.416895118827618e-05,-0.03298509837316882,-2.554280919877722,-1.3883495161562051e-06,-6.788666176212152e-05,-0.005015411219115213,-0.0037984040828890984,0.01008445868910133,-0.00022272140165105809
13.59,187.07601064188162,217.78099246474255,-2.706588279068942,1.5095129643375227,1.0,179.64008269749164,222.03080853081119,-2.9964880039964266,1.3438281274537536,0.14071231487630495,-1.4169049667492212e-05,-0.03298512090989852,-2.5542808164995874,-1.387720429671369e-06,-6.789932231623485e-05,-0.0050154601409473434,-0.003798404834608395,0.010084573211122336,-0.000222744955982309
13.61,187.07601064188162,217.78099246474255,-2.706588279068942,1.5095129643375227,1.0,179.64007260891324,222.03081658279203,-2.996488397313324,1.3438278135363733,0.14071232046757348,-1.4169148335055936e-05,-0.03298514344627007,-2.5542807130926026,-1.3871164357073676e-06,-6.791194057505782e-05,-0.005015509153804845,-0.003798405575000888,0.010084687965122952,-0.00022276841525330253
13.63,187.07601064188162,217.78099246474255,-2.706588279068942,1.5095129643375227,1.0,179.64006252033872,222.0308246342731,-2.9964887906300697,1.343827499638475,0.140712326058696,-1.4169247190406733e-05,-0.03298516598228333,-2.5542806096568897,-1.3865375318891475e-06,-6.792451665487518e-05,-0.005015558257359631,-0.003798406303923002,0.010084802950193773,-0.00022279177963577753
13.65,187.07601064188162,217.78099246474255,-2.706588279068942,1.5095129643375227,1.0,179.64005243176877,222.03083268525592,-2.996489183946637,1.3438271857600035,0.14071233164967273,-1.4169346232622965e-05,-0.032985188517938094,-2.5542805061925717,-1.385983558645893e-06,-6.793705076768174e-05,-0.005015607451252315,-0.003798407021465187,0.010084918165485351,-0.0002228150496566616
13.67,187.07601064188162,217.78099246474255,-2.706588279068942,1.5095129643375227,1.0,179.64004234320413,222.03084073574178,-2.996489577262997,1.3438268719009048,0.14071233724050386,-1.4169445460817702e-05,-0.032985211053234376,-2.554280402699771,-1.3854543796416744e-06,-6.794954313295613e-05,-0.00501565673510322,-0.0037984077277191347,0.010085033610021046,-0.0002228382258212568
13.69,187.07601064188162,217.78099246474255,-2.706588279068942,1.5095129643375227,1.0,179.64003225464555,222.0308487857322,-2.996489970579121,1.3438265580611222,0.14071234283118958,-1.4169544874721918e-05,-0.03298523358817202,-2.55428029917861,-1.38495000099703e-06,-6.796199367909179e-05,-0.00501570610858987,-0.0037984084226260614,0.010085149283138726,-0.00022286130799487462
13.71,187.07601064188162,217.78099246474255,-2.706588279068942,1.5095129643375227,1.0,179.6400221660937,222.03085683522855,-2.9964903638949822,1.3438262442406026,0.1407123484217301,-1.4169644472757893e-05,-0.03298525612275094,-2.5542801956292083,-1.3844702723033028e-06,-6.797440281367662e-05,-0.005015755571329136,-0.0037984091064239486,0.010085265183497533,-0.00022288429698856345
13.73,187.07601064188162,217.78099246474255,-2.706588279068942,1.5095129643375227,1.0,179.64001207754941,222.03086488423213,-2.996490757210549,1.343825930439292,0.14071235401212567,-1.4169744254620148e-05,-0.032985278656970915,-2.5542800920516866,-1.3840150592802107e-06,-6.798677066303555e-05,-0.005015805122998461,-0.003798409778912896,0.0100853813105822,-0.00022290719317437244
13.75,187.07601064188162,217.78099246474255,-2.706588279068942,1.5095129643375227,1.0,179.640001989033,222.03087293275752,-2.9964911505250296,1.3438256166566265,0.14071235960220588,-1.4169842107996475e-05,-0.03298530119188001,-2.55427998844804,-1.3837687245250993e-06,-6.799911423575466e-05,-0.005015854811028909,-0.003798409428206734,0.010085497847029994,-0.00022292980950138315
13.77,187.07601064188162,217.78099246474255,-2.706588279068942,1.5095129643375227,1.0,179.6399919005444,222.03088098079763,-2.996491543838426,1.3438253028928795,0.14071236519198807,-1.4169939381144517e-05,-0.03298532372688002,-2.5542798848179102,-1.383622090811356e-06,-6.801138620593516e-05,-0.005015904586609162,-0.003798408320165709,0.010085614892012608,-0.00022295221057436768
13.79,187.07601064188162,217.78099246474255,-2.706588279068942,1.5095129643375227,1.0,179.63998181207575,222.03088902834128,-2.9964919371510432,1.343824989148487,0.14071237078161897,-1.417003684410688e-05,-0.032985346261498266,-2.5542797811601954,-1.3835006055612194e-06,-6.802361465770975e-05,-0.00501595444895537,-0.0037984071961923,0.010085732162996595,-0.00022297451455824966
13.81,187.07601064188162,217.78099246474255,-2.706588279068942,1.5095129643375227,1.0,179.6399717236275,222.03089707538953,-2.996492330462866,1.3438246754234089,0.14071237637110093,-1.4170134495019454e-05,-0.032985368795730365,-2.5542796774749807,-1.3834025652840424e-06,-6.803580254427291e-05,-0.005016004398546389,-0.0037984060656305347,0.010085849655493211,-0.00022299672805944966
13.83,187.07601064188162,217.78099246474255,-2.706588279068942,1.5095129643375227,1.0,179.63996163520034,222.03090512194382,-2.9964927237738657,1.3438243617175905,0.14071238196043415,-1.4170232333179296e-05,-0.03298539132957634,-2.554279573762384,-1.3833278570196195e-06,-6.804794995148827e-05,-0.005016054435015154,-0.003798404928756945,0.010085967368601269,-0.00022301885133709887
13.85,187.07601064188162,217.78099246474255,-2.706588279068942,1.5095129643375227,1.0,179.639951546795,222.0309131680054,-2.996493117084016,1.3438240480309784,0.1407123875496189,-1.4170330358062232e-05,-0.032985413863036016,-2.5542794700225224,-1.3832764142272108e-06,-6.80600571132359e-05,-0.00501610455806668,-0.003798403785299346,0.010086085301554248,-0.00022304088484090612
13.87,187.07601064188162,217.78099246474255,-2.706588279068942,1.5095129643375227,1.0,179.6399414584121,222.03092121357574,-2.9964935103932917,1.3438237343635193,0.14071239313865536,-1.4170428568649429e-05,-0.03298543639610937,-2.554279366255513,-1.3832481305582926e-06,-6.807212416127823e-05,-0.0050161547673517265,-0.003798402635325432,0.010086203453526064,-0.00022306282890109335
13.89,187.07601064188162,217.78099246474255,-2.706588279068942,1.5095129643375227,1.0,179.63993137005232,222.0309292586562,-2.9964939037016634,1.3438234207151591,0.14071239872754368,-1.417052696432125e-05,-0.03298545892879649,-2.5542792624614727,-1.383242928226021e-06,-6.808415120763544e-05,-0.005016205062499871,-0.0037984014790752897,0.010086321823488913,-0.00022308468377002795
13.91,187.07601064188162,217.78099246474255,-2.706588279068942,1.5095129643375227,1.0,179.6399212817164,222.0309373032481,-2.9964942970091073,1.3438231070858453,0.14071240431628418,-1.4170625544237633e-05,-0.03298548146109709,-2.5542791586405165,-1.3832607157650409e-06,-6.809613849018676e-05,-0.005016255443233251,-0.0037984003162515427,0.010086440410795929,-0.00022310644993994662
13.93,187.07601064188162,217.78099246474255,-2.706588279068942,1.5095129643375227,1.0,179.63991119340497,222.0309453473528,-2.9964946903155956,1.3438227934755247,0.14071240990487693,-1.4170724307614059e-05,-0.03298550399301141,-2.5542790547927594,-1.3833013879272936e-06,-6.810808612632861e-05,-0.005016305909149064,-0.003798399147125532,0.010086559214387539,-0.00022312812770659802
13.96,187.07601064188162,217.78099246474255,-2.706588279068942,1.5095129643375227,1.0,179.63990110511872,222.03095339097166,-2.996495083621103,1.3438224798841452,0.1407124154933222,-1.4170823253579223e-05,-0.032985526524539246,-2.554278950918317,-1.3833648083185195e-06,-6.811999430767727e-05,-0.00501635645993358,-0.0037983979717097003,0.010086678233543155,-0.00022314971753868183
13.98,187.07601064188162,217.78099246474255,-2.706588279068942,1.5095129643375227,1.0,179.6398910168583,222.03096143410613,-2.996495476925602,1.3438221663116525,0.1407124210816202,-1.4170922381575973e-05,-0.03298554905568063,-2.5542788470173052,-1.3834509622797633e-06,-6.813186314958463e-05,-0.005016407095280396,-0.0037983967897738517,0.010086797467494055,-0.00022317121962794006
14.01,187.07601064188162,217.78099246474255,-2.706588279068942,1.5095129643375227,1.0,179.63988092862445,222.0309694767574,-2.996495870229067,1.343821852757996,0.1407124266697711,-1.417102169062366e-05,-0.03298557158643544,-2.5542787430898355,-1.3835597406811973e-06,-6.814369284015116e-05,-0.005016457814834298,-0.00379839560162757,0.010086916915170668,-0.00022319263438633972
14.03,187.07601064188162,217.78099246474255,-2.706588279068942,1.5095129643375227,1.0,179.6398708404177,222.03097751892687,-2.9964962635314745,1.3438215392231228,0.14071243225777513,-1.4171121180227618e-05,-0.032985594116803824,-2.554278639136025,-1.3836910354919412e-06,-6.815548351714012e-05,-0.005016508618279588,-0.0037983944069824673,0.010087036576036369,-0.00022321396217120699
14.05,187.07601064188162,217.78099246474255,-2.706588279068942,1.5095129643375227,1.0,179.63986075223877,222.03098556061596,-2.996496656832796,1.3438212257069806,0.14071243784563248,-1.4171220849391575e-05,-0.03298561664678562,-2.5542785351559862,-1.3838447399949511e-06,-6.816723535857505e-05,-0.005016559505259195,-0.0037983932060897136,0.010087156449061854,-0.00022323520337766206
14.07,187.07601064188162,217.78099246474255,-2.706588279068942,1.5095129643375227,1.0,179.63985066408836,222.03099360182583,-2.9964970501330077,1.3438209122095186,0.1407124434333433,-1.4171320697462921e-05,-0.03298563917638078,-2.554278431149829,-1.3840208760628131e-06,-6.817894840087656e-05,-0.0050166104754731265,-0.0037983919989016805,0.010087276533413882,-0.00022325635801775348
14.09,187.07601064188162,217.78099246474255,-2.706588279068942,1.5095129643375227,1.0,179.63984057596707,222.03100164255795,-2.9964974434320837,1.3438205987306846,0.14071244902090785,-1.4171420723672752e-05,-0.032985661705589364,-2.554278327117669,-1.384219196477049e-06,-6.819062303615935e-05,-0.0050166615285841005,-0.0037983907853479794,0.010087396828340152,-0.00022327742702658553
14.12,187.07601064188162,217.78099246474255,-2.706588279068942,1.5095129643375227,1.0,179.63983048787557,222.03100968281353,-2.996497836729998,1.3438202852704269,0.14071245460832632,-1.4171520927430946e-05,-0.032985684234411304,-2.5542782230596175,-1.3844397034987622e-06,-6.820225918441455e-05,-0.005016712664266824,-0.0037983895655123354,0.01008751733311151,-0.00022329841025613676
14.14,187.07601064188162,217.78099246474255,-2.706588279068942,1.5095129643375227,1.0,179.6398203998145,222.03101772259402,-2.9964982300267247,1.3438199718286947,0.14071246019559888,-1.4171621307468727e-05,-0.032985706762846505,-2.5542781189757844,-1.384682290877441e-06,-6.821385709309592e-05,-0.005016763882177175,-0.003798388339525958,0.010087638046686845,-0.00022331930821399941
14.16,187.07601064188162,217.78099246474255,-2.706588279068942,1.5095129643375227,1.0,179.63981031178457,222.03102576190057,-2.9964986233222395,1.3438196584054376,0.14071246578272573,-1.4171721863777419e-05,-0.03298572929089502,-2.5542780148662825,-1.3849468775531436e-06,-6.82254169341138e-05,-0.005016815182030183,-0.0037983871071557017,0.01008775896844246,-0.00022334012127275097
14.18,187.07601064188162,217.78099246474255,-2.706588279068942,1.5095129643375227,1.0,179.63980022378635,222.0310338007345,-2.9964990166165166,1.3438193450006044,0.14071247136970702,-1.4171822595228836e-05,-0.03298575181855681,-2.554277910731223,-1.3852333557154081e-06,-6.823693884130941e-05,-0.005016866563478021,-0.0037983858685096484,0.010087880097532262,-0.000223360849766422
14.2,187.07601064188162,217.78099246474255,-2.706588279068942,1.5095129643375227,1.0,179.6397901358205,222.0310418390972,-2.996499409909532,1.3438190316141443,0.14071247695654304,-1.4171923500819767e-05,-0.032985774345831775,-2.554277806570714,-1.3855416571422223e-06,-6.824842299280357e-05,-0.005016918026200471,-0.0037983846238122975,0.010088001432927806,-0.000223381494040069
14.22,187.07601064188162,217.78099246474255,-2.706588279068942,1.5095129643375227,1.0,179.63978004788768,222.03104987698993,-2.99649980320126,1.3438187182460068,0.1407124825432339,-1.4172024580135383e-05,-0.03298579687271998,-2.554277702384866,-1.3858717232722488e-06,-6.825986944940845e-05,-0.00501696956987502,-0.0037983833728866814,0.010088122973998661,-0.00022340205425854778
14.24,187.07601064188162,217.78099246474255,-2.706588279068942,1.5095129643375227,1.0,179.63976995998854,222.03105791441396,-2.9965001964916747,1.3438184048961428,0.14071248812977982,-1.417212583275739e-05,-0.032985819399221294,-2.554277598173789,-1.3862234426823558e-06,-6.827127837884413e-05,-0.0050170211942219675,-0.0037983821155411833,0.010088244720199912,-0.0002234225308285918
14.26,187.07601064188162,217.78099246474255,-2.706588279068942,1.5095129643375227,1.0,179.63975987212368,222.03106595137052,-2.9965005897807524,1.3438180915645022,0.140712493716181,-1.4172227257279898e-05,-0.032985841925335706,-2.5542774939375903,-1.3865966675700916e-06,-6.828265002581965e-05,-0.005017072898857185,-0.0037983808522779683,0.010088366670290248,-0.00022344292429458425
14.28,187.07601064188162,217.78099246474255,-2.706588279068942,1.5095129643375227,1.0,179.6397497842938,222.03107398786094,-2.9965009830684677,1.3438177782510343,0.1407124993024376,-1.417232885348248e-05,-0.03298586445106322,-2.55427738967638,-1.3869914119262177e-06,-6.829398449783412e-05,-0.005017124683522411,-0.0037983795827036954,0.01008848882365058,-0.0002234632348053349
14.3,187.07601064188162,217.78099246474255,-2.706588279068942,1.5095129643375227,1.0,179.63973969649945,222.03108202388654,-2.9965013763547974,1.3438174649556902,0.14071250488854983,-1.4172430620646564e-05,-0.03298588697640382,-2.554277285390266,-1.3874074748784293e-06,-6.830528192107213e-05,-0.005017176547873605,-0.003798378306954775,0.010088611179696403,-0.0002234834628106826
14.32,187.07601064188162,217.78099246474255,-2.706588279068942,1.5095129643375227,1.0,179.6397296087413,222.03109005944853,-2.9965017696397154,1.34381715167842,0.14071251047451785,-1.417253255780886e-05,-0.032985909501357505,-2.5542771810793568,-1.3878449193377744e-06,-6.83165424185641e-05,-0.005017228491606031,-0.0037983770250759456,0.010088733737272928,-0.00022350360839666866
14.34,187.07601064188162,217.78099246474255,-2.706588279068942,1.5095129643375227,1.0,179.6397195210199,222.03109809454813,-2.9965021629231994,1.3438168384191753,0.14071251606034194,-1.4172634663827298e-05,-0.0329859320259241,-2.5542770767437566,-1.3883035216506918e-06,-6.832776618491786e-05,-0.005017280514378221,-0.0037983757373874507,0.010088856495643566,-0.00022352367214396903
14.36,187.07601064188162,217.78099246474255,-2.706588279068942,1.5095129643375227,1.0,179.639709433336,222.0311061291867,-2.996502556205223,1.343816525177907,0.14071252164602213,-1.4172736939260762e-05,-0.03298595455010373,-2.554276972383575,-1.388783282149056e-06,-6.833895336980265e-05,-0.005017332615958142,-0.0037983744430914574,0.010088979454463201,-0.00022354365430262723
14.38,187.07601064188162,217.78099246474255,-2.706588279068942,1.5095129643375227,1.0,179.63969934569016,222.03111416336537,-2.996502949485764,1.3438162119545658,0.14071252723155875,-1.4172839382292008e-05,-0.032985977073896264,-2.554276867998918,-1.3892841325190228e-06,-6.83501040673675e-05,-0.005017384795973001,-0.003798373142947929,0.010089102612392483,-0.00022356355506414994
14.4,187.07601064188162,217.78099246474255,-2.706588279068942,1.5095129643375227,1.0,179.63968925808297,222.0311221970855,-2.9965033427647962,1.3438158987491033,0.1407125328169519,-1.4172941992714494e-05,-0.03298599959730181,-2.5542767635898906,-1.3898059117617738e-06,-6.836121840971148e-05,-0.005017437054103109,-0.003798371836650167,0.010089225969050793,-0.00022358337485074847
14.42,187.07601064188162,217.78099246474255,-2.706588279068942,1.5095129643375227,1.0,179.63967917051508,222.03113023034828,-2.9965037360422975,1.343815585561471,0.1407125384022018,-1.4173044769195227e-05,-0.03298602212032017,-2.5542766591565975,-1.3903485758161999e-06,-6.837229663784263e-05,-0.005017489390062361,-0.0037983705245411663,0.010089349523254295,-0.00022360311406903594
14.44,187.07601064188162,217.78099246474255,-2.706588279068942,1.5095129643375227,1.0,179.63966908298707,222.0311382631549,-2.996504129318243,1.343815272391621,0.14071254398730865,-1.4173147712168121e-05,-0.03298604464295149,-2.5542765546991464,-1.3909120224799834e-06,-6.838333881034172e-05,-0.0050175418035639865,-0.0037983692060415447,0.010089473274823948,-0.00022362277295804838
14.46,187.07601064188162,217.78099246474255,-2.706588279068942,1.5095129643375227,1.0,179.6396589954996,222.0311462955067,-2.996504522592609,1.3438149592395048,0.14071254957227258,-1.4173250819972147e-05,-0.03298606716519559,-2.55427645021764,-1.3914962372496434e-06,-6.839434510835118e-05,-0.0050175942942920155,-0.003798367881612623,0.01008959722244807,-0.00022364235178446362
14.48,187.07601064188162,217.78099246474255,-2.706588279068942,1.5095129643375227,1.0,179.63964890805323,222.03115432740483,-2.9965049158653714,1.3438146461050753,0.14071255515709374,-1.4173354092334804e-05,-0.03298608968705245,-2.554276345712183,-1.3921010595179754e-06,-6.840531571070471e-05,-0.005017646861942573,-0.0037983665510929816,0.010089721365621364,-0.0002236618510378133
14.5,187.07601064188162,217.78099246474255,-2.706588279068942,1.5095129643375227,1.0,179.63963882064857,222.0311623588505,-2.996505309136507,1.3438143329882846,0.14071256074177246,-1.4173457528530585e-05,-0.032986112208522114,-2.554276241182881,-1.3927264257127848e-06,-6.84162506612929e-05,-0.005017699506192519,-0.003798365214601595,0.010089845703577285,-0.00022368127085221047
14.52,187.07601064188162,217.78099246474255,-2.706588279068942,1.5095129643375227,1.0,179.63962873328632,222.031170389845,-2.9965057024059925,1.343814019889085,0.1407125663263088,-1.4173561127486842e-05,-0.03298613472960455,-2.554276136629835,-1.3933722599152e-06,-6.84271501924374e-05,-0.005017752226748544,-0.003798363872282858,0.010089970235334238,-0.00022370061167205412
14.54,187.07601064188162,217.78099246474255,-2.706588279068942,1.5095129643375227,1.0,179.6396186459669,222.03117842038944,-2.9965060956738045,1.3438137068074292,0.14071257191070294,-1.4173664889148038e-05,-0.0329861572502997,-2.5542760320531492,-1.3940385228810052e-06,-6.843801435875218e-05,-0.005017805023330518,-0.0037983625237989244,0.010090094960419155,-0.00022371987363429857
14.56,187.07601064188162,217.78099246474255,-2.706588279068942,1.5095129643375227,1.0,179.6396085586911,222.03118645048508,-2.9965064889399184,1.3438133937432708,0.1407125774949551,-1.4173768812307885e-05,-0.03298617977060751,-2.554275927452925,-1.3947250857816122e-06,-6.844884334442463e-05,-0.005017857895606916,-0.003798361169505781,0.010090219877854337,-0.000223739057171551
14.58,187.07601064188162,217.78099246474255,-2.706588279068942,1.5095129643375227,1.0,179.63959847145938,222.03119448013322,-2.996506882204313,1.3438130806965616,0.14071258307906545,-1.4173872896761574e-05,-0.03298620229052813,-2.554275822829267,-1.395431811482468e-06,-6.84596373612506e-05,-0.005017910843312851,-0.003798359809025964,0.010090344987240677,-0.00022375816280246303
14.6,187.07601064188162,217.78099246474255,-2.706588279068942,1.5095129643375227,1.0,179.63958838427237,222.0312025093349,-2.996507275466964,1.3438127676672558,0.14071258866303415,-1.4173977141438197e-05,-0.032986224810061235,-2.5542757181822764,-1.3961587347002683e-06,-6.847039647039216e-05,-0.005017963866140681,-0.003798358442708142,0.010090470287414804,-0.00022377719054416783
14.62,187.07601064188162,217.78099246474255,-2.706588279068942,1.5095129643375227,1.0,179.6395782971307,222.0312105380914,-2.9965076687278485,1.3438124546553065,0.14071259424686144,-1.4174081545952438e-05,-0.03298624732920703,-2.554275613512054,-1.3969057424368606e-06,-6.848112078555515e-05,-0.005018016963798691,-0.0037983570704344465,0.010090595777850687,-0.00022379614071823625
14.64,187.07601064188162,217.78099246474255,-2.706588279068942,1.5095129643375227,1.0,179.63956821003487,222.03121856640388,-2.9965080619869435,1.3438121416606676,0.1407125998305474,-1.4174186109245538e-05,-0.032986269847965474,-2.5542755088187015,-1.3976726772364908e-06,-6.849181048459584e-05,-0.005018070135951602,-0.003798355692393917,0.010090721457749838,-0.00022381501379323997
14.66,187.07601064188162,217.78099246474255,-2.706588279068942,1.5095129643375227,1.0,179.6395581229856,222.03122659427353,-2.9965084552442263,1.3438118286832936,0.1407126054140922,-1.4174290830834984e-05,-0.0329862923663364,-2.554275404102318,-1.3984595527454695e-06,-6.850246575534303e-05,-0.005018123382359159,-0.0037983543083616946,0.010090847326307318,-0.00022383381003769002
14.68,187.07601064188162,217.78099246474255,-2.706588279068942,1.5095129643375227,1.0,179.63954803598347,222.03123462170151,-2.996508848499671,1.3438115157231378,0.1407126109974961,-1.4174395710198338e-05,-0.0329863148843198,-2.5542752993630042,-1.3992663120341838e-06,-6.851308655177307e-05,-0.0050181767026980075,-0.003798352918549867,0.010090973382829377,-0.00022385252943332614
14.7,187.07601064188162,217.78099246474255,-2.706588279068942,1.5095129643375227,1.0,179.63953794902886,222.03124264868904,-2.99650924175326,1.3438112027801545,0.1407126165807593,-1.4174500746797546e-05,-0.032986337401915755,-2.554275194600861,-1.4000927541518325e-06,-6.852367328850632e-05,-0.0050182300967231384,-0.0037983515226018214,0.01009109962679804,-0.00022387117290218478
14.73,187.07601064188162,217.78099246474255,-2.706588279068942,1.5095129643375227,1.0,179.63952786212255,222.0312506752373,-2.9965096350049687,1.343810889854297,0.1407126221638818,-1.4174605939698816e-05,-0.03298635991912427,-2.554275089815988,-1.4009388772712097e-06,-6.853422586469796e-05,-0.005018283564082518,-0.0037983501209307865,0.010091226057267021,-0.00022388974025551342
14.75,187.07601064188162,217.78099246474255,-2.706588279068942,1.5095129643375227,1.0,179.63951777526506,222.03125870134735,-2.9965100282547734,1.3438105769455213,0.14071262774686394,-1.417471128820962e-05,-0.03298638243594514,-2.554274985008484,-1.4018045973058233e-06,-6.854474454515456e-05,-0.005018337104527806,-0.0037983487134250985,0.010091352673487437,-0.00022390823201163564
14.77,187.07601064188162,217.78099246474255,-2.706588279068942,1.5095129643375227,1.0,179.63950768845694,222.03126672702052,-2.996510421502653,1.3438102640537817,0.14071263332970582,-1.4174816791981087e-05,-0.03298640495237858,-2.554274880178447,-1.4026898479285212e-06,-6.855522937894158e-05,-0.0050183907177460355,-0.003798347300064744,0.010091479474799572,-0.00022392664832240674
14.79,187.07601064188162,217.78099246474255,-2.706588279068942,1.5095129643375227,1.0,179.6394976016988,222.03127475225781,-2.9965108147485853,1.3438099511790325,0.14071263891240765,-1.4174922449843376e-05,-0.03298642746842436,-2.5542747753259762,-1.4035945114487238e-06,-6.856568056797164e-05,-0.005018444403468096,-0.0037983458809060754,0.010091606460498797,-0.0002239449896473905
14.81,187.07601064188162,217.78099246474255,-2.706588279068942,1.5095129643375227,1.0,179.63948751499123,222.03128277706043,-2.996511207992545,1.3438096383212303,0.1407126444949695,-1.4175028261541349e-05,-0.032986449984082414,-2.554274670451168,-1.4045185704822253e-06,-6.857609824665776e-05,-0.0050184981614063325,-0.003798344455994107,0.010091733629675158,-0.00022396325620217233
14.83,187.07601064188162,217.78099246474255,-2.706588279068942,1.5095129643375227,1.0,179.6394774283347,222.03129080142955,-2.996511601234514,1.3438093254803287,0.1407126500773917,-1.4175134226569923e-05,-0.03298647249935292,-2.5542745655541217,-1.4054618983288343e-06,-6.858648248118633e-05,-0.005018551991274775,-0.0037983430251983512,0.010091860981939904,-0.0002239814482542889
14.85,187.07601064188162,217.78099246474255,-2.706588279068942,1.5095129643375227,1.0,179.63946734172987,222.03129882536635,-2.9965119944744685,1.343809012656284,0.14071265565967425,-1.417524034400052e-05,-0.03298649501423583,-2.5542744606349337,-1.406424403323052e-06,-6.85968334670024e-05,-0.005018605892780267,-0.0037983415886455904,0.01009198851642574,-0.00022399956621333442
14.87,187.07601064188162,217.78099246474255,-2.706588279068942,1.5095129643375227,1.0,179.6394572551773,222.03130684887185,-2.9965123877123867,1.3438086998490515,0.14071266124181747,-1.4175346613385331e-05,-0.032986517528730955,-2.554274355693702,-1.4074060817235133e-06,-6.860715133408813e-05,-0.005018659865681996,-0.0037983401462157217,0.010092116232406474,-0.0002240176102779803
14.89,187.07601064188162,217.78099246474255,-2.706588279068942,1.5095129643375227,1.0,179.6394471686775,222.03131487194725,-2.9965127809482466,1.3438083870585875,0.14071266682382144,-1.4175453033669077e-05,-0.03298654004283839,-2.5542742507305207,-1.4084067857399098e-06,-6.861743621163426e-05,-0.005018713909634497,-0.003798338698258695,0.010092244129015729,-0.0002240355808211541
14.91,187.07601064188162,217.78099246474255,-2.706588279068942,1.5095129643375227,1.0,179.63943708223107,222.03132289459364,-2.9965131741820255,1.3438080742848473,0.14071267240568627,-1.4175559604692076e-05,-0.0329865625565581,-2.554274145745488,-1.4094264658696303e-06,-6.862768814057345e-05,-0.00501876802438499,-0.003798337244518224,0.010092372205850157,-0.00022405347797108626
14.93,187.07601064188162,217.78099246474255,-2.706588279068942,1.5095129643375227,1.0,179.63942699583848,222.03133091681227,-2.9965135674137047,1.343807761527787,0.1407126779874123,-1.4175666325626412e-05,-0.03298658506989008,-2.5542740407386977,-1.4104650353070035e-06,-6.86379073886657e-05,-0.005018822209672761,-0.0037983357849995145,0.01009250046206343,-0.00022407130224933825
14.95,187.07601064188162,217.78099246474255,-2.706588279068942,1.5095129643375227,1.0,179.6394169095004,222.03133893860414,-2.9965139606432585,1.3438074487873637,0.14071268356899952,-1.4175773196093711e-05,-0.032986607582834226,-2.5542739357102473,-1.411522449267324e-06,-6.864809400397757e-05,-0.005018876465220764,-0.003798334319710038,0.010092628897010918,-0.0002240890537772766
14.97,187.07601064188162,217.78099246474255,-2.706588279068942,1.5095129643375227,1.0,179.63940682321737,222.03134695997036,-2.9965143538706673,1.3438071360635333,0.1407126891504482,-1.4175880214927605e-05,-0.032986630095390594,-2.5542738306602293,-1.4125986155310655e-06,-6.865824814834828e-05,-0.0050189307907112365,-0.003798332848809844,0.010092757509800902,-0.00022410673291051257
14.99,187.07601064188162,217.78099246474255,-2.706588279068942,1.5095129643375227,1.0,179.6393967369899,222.0313549809121,-2.99651474709591,1.3438068233562526,0.14071269473175846,-1.4175987382011804e-05,-0.03298665260755908,-2.55427372558874,-1.4136934753920414e-06,-6.866836992802609e-05,-0.0050189851859180745,-0.003798331372164473,0.010092886299942545,-0.00022412433988814657
15.01,187.07601064188162,217.78099246474255,-2.706588279068942,1.5095129643375227,1.0,179.63938665081858,222.0313630014305,-2.9965151403189645,1.3438065106654782,0.14071270031293048,-1.4176094696310117e-05,-0.03298667511933976,-2.5542736204958723,-1.4148068929734818e-06,-6.867845950085097e-05,-0.0050190396505258635,-0.0037983298900014736,0.010093015266636814,-0.00022414187511743717
15.03,187.07601064188162,217.78099246474255,-2.706588279068942,1.5095129643375227,1.0,179.6393765647039,222.03137102152655,-2.99651553353981,1.3438061979911675,0.1407127058939644,-1.4176202157553512e-05,-0.03298669763073255,-2.55427351538172,-1.4159388691355928e-06,-6.86885169487159e-05,-0.005019094184281542,-0.003798328402145395,0.010093144409225919,-0.00022415933871750612
15.05,187.07601064188162,217.78099246474255,-2.706588279068942,1.5095129643375227,1.0,179.63936647864642,222.03137904120146,-2.9965159267584243,1.3438058853332766,0.1407127114748604,-1.4176309765280305e-05,-0.03298672014173748,-2.554273410246378,-1.4170893269871898e-06,-6.869854241290066e-05,-0.005019148786927047,-0.0037983269084392616,0.01009327372714579,-0.00022417673100617606
15.07,187.07601064188162,217.78099246474255,-2.706588279068942,1.5095129643375227,1.0,179.6393563926467,222.03138706045624,-2.996516319974787,1.3438055726917644,0.14071271705561864,-1.4176417518096754e-05,-0.03298674265235435,-2.5542733050899353,-1.418258166821138e-06,-6.870853603894084e-05,-0.005019203458162648,-0.003798325409348678,0.010093403219415464,-0.00022419405231329894
15.09,187.07601064188162,217.78099246474255,-2.706588279068942,1.5095129643375227,1.0,179.6393463067053,222.03139507929205,-2.9965167131888766,1.3438052600665873,0.14071272263623927,-1.4176525416230229e-05,-0.032986765162583434,-2.554273199912489,-1.4194452221303298e-06,-6.87184979934136e-05,-0.005019258197722833,-0.0037983239045358825,0.010093532885765456,-0.0002242113031263742
15.11,187.07601064188162,217.78099246474255,-2.706588279068942,1.5095129643375227,1.0,179.63933622082274,222.0314030977099,-2.9965171064006726,1.3438049474577036,0.14071272821672248,-1.4176633458809432e-05,-0.03298678767242437,-2.554273094714131,-1.420650606964377e-06,-6.872842831766429e-05,-0.005019313005374586,-0.003798322394012407,0.010093662725230873,-0.0002242284833390143
15.13,187.07601064188162,217.78099246474255,-2.706588279068942,1.5095129643375227,1.0,179.63932613499952,222.03141111571094,-2.9965174996101545,1.343804634865071,0.1407127337970684,-1.417674164495958e-05,-0.0329868101818774,-2.554272989494952,-1.4218741313497003e-06,-6.873832723709546e-05,-0.005019367880812098,-0.003798320878014277,0.010093792737070022,-0.00022424559353835717
15.15,187.07601064188162,217.78099246474255,-2.706588279068942,1.5095129643375227,1.0,179.63931604923627,222.03141913329623,-2.9965178928173004,1.3438043222886462,0.14071273937727719,-1.4176849974404705e-05,-0.032986832690942436,-2.5542728842550444,-1.4231157142540049e-06,-6.874819476664851e-05,-0.005019422823763237,-0.003798319356440936,0.010093922920868612,-0.000224262633848838
15.17,187.07601064188162,217.78099246474255,-2.706588279068942,1.5095129643375227,1.0,179.6393059635334,222.03142715046684,-2.99651828602209,1.3438040097283894,0.14071274495734903,-1.4176958446318628e-05,-0.03298685519961943,-2.554272778994498,-1.4243753153571131e-06,-6.875803110438638e-05,-0.0050194778339745965,-0.0037983178293555125,0.010094053275749864,-0.00022427960461771356
15.19,187.07601064188162,217.78099246474255,-2.706588279068942,1.5095129643375227,1.0,179.63929587789156,222.03143516722378,-2.996518679224501,1.343803697184258,0.14071275053728402,-1.417706706018933e-05,-0.032986877707908216,-2.554272673713403,-1.4256529472784878e-06,-6.876783625559525e-05,-0.005019532911186473,-0.0037983162967400114,0.010094183801038648,-0.00022429650582252457
15.22,187.07601064188162,217.78099246474255,-2.706588279068942,1.5095129643375227,1.0,179.63928579231117,222.0314431835682,-2.9965190724245163,1.34380338465621,0.14071275611708234,-1.4177175815626284e-05,-0.03298690021580911,-2.5542725684118524,-1.426948357165594e-06,-6.8777610571302e-05,-0.005019588055135828,-0.00379831475844141,0.010094314496298233,-0.00022431333834955122
15.24,187.07601064188162,217.78099246474255,-2.706588279068942,1.5095129643375227,1.0,179.63927570679277,222.03145119950113,-2.996519465622114,1.3438030721442045,0.14071276169674424,-1.4177284711690494e-05,-0.0329869227233218,-2.554272463089935,-1.428261629054942e-06,-6.878735401685804e-05,-0.00501964326556391,-0.0037983132146479906,0.010094445360602215,-0.00022433010200775016
15.26,187.07601064188162,217.78099246474255,-2.706588279068942,1.5095129643375227,1.0,179.63926562133693,222.03145921502366,-2.9965198588172735,1.3438027596482,0.14071276727626975,-1.4177393748281293e-05,-0.03298694523044642,-2.5542723577477426,-1.4295925917040628e-06,-6.879706670223529e-05,-0.005019698542202661,-0.003798311665252928,0.010094576393642987,-0.00022434679719427267
15.28,187.07601064188162,217.78099246474255,-2.706588279068942,1.5095129643375227,1.0,179.63925553594416,222.03146723013683,-2.9965202520099736,1.343802447168156,0.14071277285565909,-1.4177502924143793e-05,-0.03298696773718292,-2.5542722523853625,-1.430941228032544e-06,-6.880674879112064e-05,-0.005019753884761305,-0.003798310110566892,0.01009470759429626,-0.000224363424159402
15.3,187.07601064188162,217.78099246474255,-2.706588279068942,1.5095129643375227,1.0,179.63924545061496,222.0314752448416,-2.996520645200196,1.3438021347040316,0.14071277843491237,-1.4177612239024584e-05,-0.03298699024353118,-2.554272147002884,-1.4323074586684382e-06,-6.881640047962413e-05,-0.005019809293025719,-0.0037983085503645194,0.010094838962064673,-0.00022437998331449388
15.32,187.07601064188162,217.78099246474255,-2.706588279068942,1.5095129643375227,1.0,179.63923536534992,222.0314832591391,-2.9965210383879173,1.3438018222557855,0.14071278401402984,-1.4177721692399499e-05,-0.03298701274949126,-2.554272041600397,-1.4336911923305959e-06,-6.882602173470894e-05,-0.005019864766705829,-0.003798306984702375,0.010094970496502794,-0.00022439647471668816
15.34,187.07601064188162,217.78099246474255,-2.706588279068942,1.5095129643375227,1.0,179.63922528014947,222.03149127303033,-2.99652143157312,1.3438015098233784,0.1407127895930115,-1.4177831283648904e-05,-0.0329870352550631,-2.5542719361779875,-1.4350924674798966e-06,-6.883561270889019e-05,-0.00501992030557245,-0.003798305413449945,0.010095102196765914,-0.0002244128985423683
15.36,187.07601064188162,217.78099246474255,-2.706588279068942,1.5095129643375227,1.0,179.63921519501415,222.03149928651638,-2.9965218247557837,1.3438011974067685,0.1407127951718576,-1.4177941012347559e-05,-0.03298705776024676,-2.5542718307357464,-1.4365110204789212e-06,-6.884517366041552e-05,-0.005019975909347609,-0.003798303836752685,0.010095234062384556,-0.00022442925553640814
15.38,187.07601064188162,217.78099246474255,-2.706588279068942,1.5095129643375227,1.0,179.63920510994447,222.03150729959827,-2.996522217935889,1.3438008850059162,0.1407128007505683,-1.4178050877672759e-05,-0.03298708026504219,-2.5542717252737592,-1.4379469427878207e-06,-6.885470455648613e-05,-0.005020031577772307,-0.003798302254713648,0.010095366092458558,-0.0002244455455036515
15.41,187.07601064188162,217.78099246474255,-2.706588279068942,1.5095129643375227,1.0,179.6391950249409,222.03151531227695,-2.9965226111134147,1.3438005726207813,0.1407128063291437,-1.4178160878964949e-05,-0.032987102769449245,-2.5542716197921145,-1.4394000956888904e-06,-6.8864205651819e-05,-0.005020087310612111,-0.0037983006672021647,0.0100954982864516,-0.0002244617690237658
15.43,187.07601064188162,217.78099246474255,-2.706588279068942,1.5095129643375227,1.0,179.63918494000404,222.03152332455352,-2.9965230042883424,1.3438002602513242,0.140712811907584,-1.417827101608007e-05,-0.03298712527346814,-2.5542715142908996,-1.4408703828542365e-06,-6.887367696212441e-05,-0.0050201431075879675,-0.0037982990743382233,0.010095630643842115,-0.00022447792623470357
15.45,187.07601064188162,217.78099246474255,-2.706588279068942,1.5095129643375227,1.0,179.63917485513429,222.03153133642903,-2.9965233974606518,1.343799947897504,0.14071281748588935,-1.4178381288157232e-05,-0.03298714777709866,-2.5542714087702003,-1.442357820600343e-06,-6.888311862237082e-05,-0.005020198968475378,-0.0037982974760007483,0.010095763163881173,-0.00022449401731610943
15.47,187.07601064188162,217.78099246474255,-2.706588279068942,1.5095129643375227,1.0,179.63916477033223,222.0315393479044,-2.996523790630322,1.3437996355592825,0.1407128230640598,-1.4178491694611513e-05,-0.03298717028034084,-2.5542713032301023,-1.4438623232448803e-06,-6.889253070882905e-05,-0.005020254892994069,-0.003798295872366745,0.010095895845881848,-0.00022451004248300957
15.49,187.07601064188162,217.78099246474255,-2.706588279068942,1.5095129643375227,1.0,179.63915468559838,222.03154735898067,-2.9965241837973347,1.34379932323662,0.1407128286420956,-1.417860223492048e-05,-0.03298719278319465,-2.5542711976706935,-1.4453837337456091e-06,-6.890191345813163e-05,-0.005020310880904748,-0.0037982942633194524,0.010096028689367414,-0.0002245260023115509
15.51,187.07601064188162,217.78099246474255,-2.706588279068942,1.5095129643375227,1.0,179.63914460093315,222.03155536965895,-2.9965245769616713,1.3437990109294768,0.14071283421999692,-1.417871290861203e-05,-0.032987215285660114,-2.554271092092058,-1.4469220856145682e-06,-6.891126689106364e-05,-0.005020366931965372,-0.0037982926489138957,0.0100961616935807,-0.00022454189677258024
15.53,187.07601064188162,217.78099246474255,-2.706588279068942,1.5095129643375227,1.0,179.63913451633707,222.03156337994008,-2.9965249701233105,1.3437986986378139,0.1407128397977638,-1.4178823715096036e-05,-0.032987237787737184,-2.554270986494282,-1.4484772541298015e-06,-6.892059116510318e-05,-0.005020423045914828,-0.003798291029162385,0.010096294857954583,-0.0002245577262685499
15.55,187.07601064188162,217.78099246474255,-2.706588279068942,1.5095129643375227,1.0,179.6391244318107,222.0315713898252,-2.996525363282235,1.343798386361592,0.14071284537539647,-1.4178934653681704e-05,-0.03298726028942584,-2.5542708808774504,-1.4500492064344539e-06,-6.892988640337024e-05,-0.005020479222518329,-0.003798289404075535,0.010096428181791408,-0.0002245734910230446
15.57,187.07601064188162,217.78099246474255,-2.706588279068942,1.5095129643375227,1.0,179.63911434735445,222.03157939931518,-2.9965257564384236,1.3437980741007727,0.1407128509528951,-1.4179045724018428e-05,-0.03298728279072599,-2.5542707752416476,-1.4516378638685734e-06,-6.893915268083045e-05,-0.005020535461533172,-0.003798287773612806,0.01009656166460937,-0.00022458919124971214
15.59,187.07601064188162,217.78099246474255,-2.706588279068942,1.5095129643375227,1.0,179.63910426296883,222.03158740841113,-2.9965261495918587,1.3437977618553172,0.14071285653025967,-1.4179156925399793e-05,-0.03298730529163777,-2.5542706695869577,-1.4532431316876355e-06,-6.894839014312849e-05,-0.005020591762678461,-0.0037982861379544965,0.010096695305629545,-0.0002246048272837033
15.61,187.07601064188162,217.78099246474255,-2.706588279068942,1.5095129643375227,1.0,179.63909417865437,222.03159541711395,-2.9965265427425196,1.3437974496251872,0.1407128621074905,-1.417926825728427e-05,-0.03298732779216106,-2.554270563913464,-1.4548650201044993e-06,-6.895759884036152e-05,-0.0050206481257263035,-0.003798284496992805,0.010096829104242106,-0.000224620399180605
15.63,187.07601064188162,217.78099246474255,-2.706588279068942,1.5095129643375227,1.0,179.63908409441152,222.03160342542463,-2.996526935890389,1.3437971374103443,0.14071286768458766,-1.4179379719175456e-05,-0.03298735029229587,-2.55427045822125,-1.4565033572585921e-06,-6.896677902126362e-05,-0.005020704550444302,-0.0037982828507537114,0.01009696305992411,-0.00022463590755070106
15.65,187.07601064188162,217.78099246474255,-2.706588279068942,1.5095129643375227,1.0,179.63907401024076,222.0316114333443,-2.9965273290354473,1.3437968252107497,0.14071287326155135,-1.4179491310679358e-05,-0.032987372792042155,-2.554270352510402,-1.4581581312955727e-06,-6.897593071016357e-05,-0.005020761036590778,-0.0037982811991642672,0.01009709717211411,-0.00022465135243800112
15.67,187.07601064188162,217.78099246474255,-2.706588279068942,1.5095129643375227,1.0,179.63906392614228,222.03161944087375,-2.9965277221776887,1.3437965130263643,0.1407128788383808,-1.4179603046705348e-05,-0.032987395291372165,-2.5542702467809844,-1.4598293042176243e-06,-6.898505402172866e-05,-0.005020817583916871,-0.0037982795423554244,0.010097231440035883,-0.00022466673405472157
15.69,187.07601064188162,217.78099246474255,-2.706588279068942,1.5095129643375227,1.0,179.63905384207644,222.03162744800295,-2.9965281153186574,1.3437962008575834,0.14071288441595892,-1.4179715211306106e-05,-0.03298741778708584,-2.554270141030239,-1.4610459432539942e-06,-6.899412611908128e-05,-0.00502087428448361,-0.00379827853410829,0.01009736703808977,-0.00022468264756013683
15.71,187.07601064188162,217.78099246474255,-2.706588279068942,1.5095129643375227,1.0,179.6390437580593,222.03163545475977,-2.996528508457727,1.3437958887033232,0.14071288999365875,-1.4179827657511792e-05,-0.03298744028196086,-2.554270035260661,-1.462227485058169e-06,-6.900323917024583e-05,-0.00502093116950913,-0.0037982773879228072,0.010097503204884818,-0.0002246986882441991
15.73,187.07601064188162,217.78099246474255,-2.706588279068942,1.5095129643375227,1.0,179.63903367409313,222.0316434611481,-2.9965289015948087,1.3437955765634266,0.1407128955712363,-1.417994023596844e-05,-0.03298746277650888,-2.5542699294726163,-1.4634279721879037e-06,-6.901232275564447e-05,-0.005020988115765748,-0.003798276235104955,0.010097639523182992,-0.00022471466050750434
15.75,187.07601064188162,217.78099246474255,-2.706588279068942,1.5095129643375227,1.0,179.63902359017848,222.03165146716873,-2.9965292947298843,1.3437952644378648,0.14071290114869,-1.4180052939565017e-05,-0.03298748527073341,-2.5542698236661745,-1.4646463953946328e-06,-6.902137843229494e-05,-0.0050210451215398615,-0.003798275075167091,0.010097775989260718,-0.00022473056809051107
15.77,187.07601064188162,217.78099246474255,-2.706588279068942,1.5095129643375227,1.0,179.63901350631582,222.03165947282258,-2.996529687862931,1.3437949523266033,0.14071290672601977,-1.4180165767758266e-05,-0.03298750776463425,-2.5542697178414153,-1.4658827384756053e-06,-6.903040609670046e-05,-0.005021102186552823,-0.003798273908216113,0.010097912602579051,-0.0002247464108358515
15.79,187.07601064188162,217.78099246474255,-2.706588279068942,1.5095129643375227,1.0,179.63900342250574,222.03166747811056,-2.996530080993929,1.343794640229608,0.1407129123032259,-1.4180278720234024e-05,-0.03298753025821112,-2.5542696119984205,-1.4671368569435343e-06,-6.903940602973166e-05,-0.005021159310599367,-0.003798272734119169,0.010098049362648109,-0.00022476218937343118
15.81,187.07601064188162,217.78099246474255,-2.706588279068942,1.5095129643375227,1.0,179.63899333874875,222.03167548303347,-2.9965304741228556,1.343794328146844,0.14071291788030837,-1.4180391796511516e-05,-0.03298755275146387,-2.5542695061372735,-1.4684086886328695e-06,-6.904837830907425e-05,-0.005021216493429741,-0.003798271552903846,0.010098186268878017,-0.000224777903895342
15.83,187.07601064188162,217.78099246474255,-2.706588279068942,1.5095129643375227,1.0,179.63898325504547,222.0316834875922,-2.9965308672496898,1.3437940160782769,0.14071292345726732,-1.4180504995906886e-05,-0.032987575244392144,-2.5542694002580535,-1.4696982000685435e-06,-6.905732297908418e-05,-0.005021273734808904,-0.003798270364722935,0.0100983233206162,-0.00022479355449824378
15.85,187.07601064188162,217.78099246474255,-2.706588279068942,1.5095129643375227,1.0,179.63897317139634,222.03169149178765,-2.9965312603744105,1.3437937040238728,0.14071292903410293,-1.4180618318085153e-05,-0.032987597736995715,-2.554269294360841,-1.4710053556315876e-06,-6.906624016379565e-05,-0.005021331034548774,-0.003798269169317024,0.010098460517447179,-0.000224809141423803
15.87,187.07601064188162,217.78099246474255,-2.706588279068942,1.5095129643375227,1.0,179.63896308780204,222.03169949562073,-2.996531653496996,1.343793391983598,0.14071293461081522,-1.4180731762273941e-05,-0.03298762022927433,-2.554269188445716,-1.4723299948980273e-06,-6.907513010278874e-05,-0.005021388392369479,-0.003798267967087029,0.01009859785849064,-0.0002248246652353877
15.89,187.07601064188162,217.78099246474255,-2.706588279068942,1.5095129643375227,1.0,179.63895300426302,222.03170749909222,-2.9965320466174257,1.3437930799574187,0.14071294018740432,-1.4180845328124387e-05,-0.03298764272122772,-2.5542690825127594,-1.4736720925864364e-06,-6.908399277548669e-05,-0.005021445808063647,-0.0037982667578373448,0.010098735343453364,-0.00022484012593234338
15.91,187.07601064188162,217.78099246474255,-2.706588279068942,1.5095129643375227,1.0,179.63894292077987,222.03171550220304,-2.9965324397356774,1.3437927679453012,0.1407129457638704,-1.4180959015075865e-05,-0.03298766521285564,-2.5542689765620485,-1.475031605035885e-06,-6.909282825092258e-05,-0.005021503281395451,-0.003798265541594116,0.01009887297174363,-0.00022485552366855677
15.93,187.07601064188162,217.78099246474255,-2.706588279068942,1.5095129643375227,1.0,179.6389328373531,222.03172350495402,-2.996532832851731,1.3437924559472116,0.14071295134021344,-1.418107282285067e-05,-0.032987687704157914,-2.5542688705936656,-1.476408410245331e-06,-6.910163671719407e-05,-0.00502156081214849,-0.0037982643183467396,0.01009901074286124,-0.0002248708588935111
15.95,187.07601064188162,217.78099246474255,-2.706588279068942,1.5095129643375227,1.0,179.63892275398325,222.03173150734608,-2.9965332259655657,1.3437921439631162,0.1407129569164336,-1.4181186750731973e-05,-0.03298771019513423,-2.5542687646076874,-1.47780245681134e-06,-6.911041832104365e-05,-0.005021618400086608,-0.0037982630881701306,0.01009914865607929,-0.00022488613189056253
15.97,187.07601064188162,217.78099246474255,-2.706588279068942,1.5095129643375227,1.0,179.63891267067083,222.03173950938,-2.99653361907716,1.343791831992982,0.14071296249253104,-1.4181300798266764e-05,-0.0329877326857843,-2.5542686586041956,-1.4792137001728772e-06,-6.911917307294543e-05,-0.0050216760449985935,-0.003798261851012305,0.010099286711011984,-0.00022490134272820983
15.99,187.07601064188162,217.78099246474255,-2.706588279068942,1.5095129643375227,1.0,179.63890258741642,222.0317475110567,-2.996534012186494,1.3437915200367756,0.1407129680685058,-1.4181414964821524e-05,-0.032987755176108004,-2.554268552583266,-1.4806420519456734e-06,-6.912790112477131e-05,-0.005021733746638149,-0.0037982606071032842,0.010099424906908521,-0.0002249164917424198
16.01,187.07601064188162,217.78099246474255,-2.706588279068942,1.5095129643375227,1.0,179.63889250422054,222.03175551237695,-2.996534405293546,1.343791208094465,0.14071297364435797,-1.418152925004044e-05,-0.03298777766610496,-2.5542684465449756,-1.4820874897583007e-06,-6.913660256145518e-05,-0.005021791504808704,-0.003798259356181687,0.010099563243360796,-0.0002249315790954554
16.03,187.07601064188162,217.78099246474255,-2.706588279068942,1.5095129643375227,1.0,179.63888242108368,222.03176351334167,-2.996534798398297,1.3437908961660159,0.1407129792200878,-1.418164365360068e-05,-0.032987800155774974,-2.5542683404894047,-1.483549830792589e-06,-6.914527760018064e-05,-0.0050218493192775516,-0.0037982580983964404,0.010099701719853272,-0.00022494660535902754
16.05,187.07601064188162,217.78099246474255,-2.706588279068942,1.5095129643375227,1.0,179.63887233800642,222.03177151395167,-2.9965351915007243,1.343790584251396,0.1407129847956952,-1.4181758174591018e-05,-0.03298782264511786,-2.5542682344166305,-1.4850291500872548e-06,-6.915392612755075e-05,-0.005021907189796311,-0.0037982568339024344,0.010099840335658377,-0.00022496157023409237
16.07,187.07601064188162,217.78099246474255,-2.706588279068942,1.5095129643375227,1.0,179.63886225498928,222.0317795142078,-2.996535584600809,1.3437902723505732,0.14071299037118035,-1.4181872812839622e-05,-0.032987845134133324,-2.554268128326729,-1.4865252677705556e-06,-6.916254846182847e-05,-0.005021965116184704,-0.0037982555624466053,0.010099979090455733,-0.0002249764744634573
16.09,187.07601064188162,217.78099246474255,-2.706588279068942,1.5095129643375227,1.0,179.63885217203273,222.03178751411087,-2.996535977698529,1.343789960463514,0.14071299594654335,-1.41819875678553e-05,-0.03298786762282109,-2.554268022219778,-1.4880381836792104e-06,-6.917114457561613e-05,-0.005022023098202437,-0.003798254284210575,0.01010011798358821,-0.00022499131798495582
16.11,187.07601064188162,217.78099246474255,-2.706588279068942,1.5095129643375227,1.0,179.63884208913737,222.0317955136617,-2.996536370793866,1.343789648590187,0.14071300152178434,-1.4182102438846586e-05,-0.03298789011118098,-2.5542679160958532,-1.4895677923661014e-06,-6.917971462824097e-05,-0.005022081135618137,-0.0037982529992974527,0.010100257014452411,-0.00022500610117535982
16.13,187.07601064188162,217.78099246474255,-2.706588279068942,1.5095129643375227,1.0,179.63883200630357,222.03180351286116,-2.9965367638867995,1.3437893367305591,0.14071300709690338,-1.4182217425561809e-05,-0.03298791259921268,-2.554267809955031,-1.4911140411642647e-06,-6.918825873925531e-05,-0.0050221392282396166,-0.003798251707553837,0.010100396182613752,-0.0002250208242886654
16.15,187.07601064188162,217.78099246474255,-2.706588279068942,1.5095129643375227,1.0,179.63882192353205,222.03181151171006,-2.996537156977308,1.3437890248845987,0.14071301267190056,-1.4182332527757976e-05,-0.03298793508691611,-2.554267703797388,-1.492676861542799e-06,-6.91967769731109e-05,-0.005022197375836623,-0.003798250408973943,0.010100535487589369,-0.0002250354875075429
16.17,187.07601064188162,217.78099246474255,-2.706588279068942,1.5095129643375227,1.0,179.63881184082317,222.0318195102092,-2.9965375500653737,1.3437887130522732,0.140713018246776,-1.4182447744551632e-05,-0.03298795757429087,-2.5542675976229994,-1.4942562059113004e-06,-6.92052694245784e-05,-0.0050222555781968825,-0.003798249103679791,0.010100674928758178,-0.00022505009102885296
16.19,187.07601064188162,217.78099246474255,-2.706588279068942,1.5095129643375227,1.0,179.63880175817752,222.0318275083594,-2.996537943150974,1.3437884012335506,0.14071302382152984,-1.4182563075488031e-05,-0.03298798006133678,-2.5542674914319408,-1.4958520173707305e-06,-6.921373620232923e-05,-0.005022313835093604,-0.003798247791776287,0.010100814505475862,-0.0002250646350837796
16.21,187.07601064188162,217.78099246474255,-2.706588279068942,1.5095129643375227,1.0,179.63879167559557,222.03183550616154,-2.9965383362340914,1.3437880894284004,0.14071302939616212,-1.418267852026864e-05,-0.03298800254805367,-2.5542673852242865,-1.4974641654734618e-06,-6.922217745212387e-05,-0.00502237214631173,-0.003798246473161847,0.010100954217391793,-0.00022507912007133256
16.24,187.07601064188162,217.78099246474255,-2.706588279068942,1.5095129643375227,1.0,179.63878159307785,222.03184350361636,-2.996538729314704,1.3437877776367901,0.14071303497067292,-1.418279407833631e-05,-0.03298802503444116,-2.554267279000111,-1.4990926689609045e-06,-6.923059317446312e-05,-0.005022430511650286,-0.0037982451478559293,0.010101094063945156,-0.00022509354595482944
16.26,187.07601064188162,217.78099246474255,-2.706588279068942,1.5095129643375227,1.0,179.6387715106248,222.03185150072466,-2.9965391223927944,1.343787465858688,0.14071304054506245,-1.4182909749385562e-05,-0.03298804752049911,-2.5542671727594906,-1.5007373743748664e-06,-6.92389836563583e-05,-0.005022488930913693,-0.003798243815823415,0.010101234044626374,-0.0002251079133828997
16.28,187.07601064188162,217.78099246474255,-2.706588279068942,1.5095129643375227,1.0,179.63876142823707,222.0318594974873,-2.9965395154683403,1.3437871540940625,0.14071304611933064,-1.4183025532784613e-05,-0.03298807000622731,-2.554267066502498,-1.5023983063355189e-06,-6.924734875764341e-05,-0.0050225474038338375,-0.00379824247724558,0.010101374158825881,-0.0002251222220825277
16.3,187.07601064188162,217.78099246474255,-2.706588279068942,1.5095129643375227,1.0,179.638751345915,222.03186749390505,-2.9965399085413242,1.3437868423428827,0.14071305169347773,-1.4183141427967635e-05,-0.03298809249162552,-2.554266960229208,-1.5040752922736546e-06,-6.9255688791964e-05,-0.005022605930228665,-0.003798241132103891,0.010101514406067144,-0.0002251364727702057
16.32,187.07601064188162,217.78099246474255,-2.706588279068942,1.5095129643375227,1.0,179.63874126365923,222.03187548997875,-2.9965403016117262,1.3437865306051173,0.1407130572675038,-1.4183257434646511e-05,-0.03298811497669344,-2.554266853939693,-1.5057683887362717e-06,-6.926400378236904e-05,-0.005022664509916885,-0.0037982397802301415,0.010101654785808241,-0.00022515066540027334
16.34,187.07601064188162,217.78099246474255,-2.706588279068942,1.5095129643375227,1.0,179.63873118147015,222.03188348570913,-2.996540694679526,1.3437862188807357,0.1407130628414089,-1.4183373552312688e-05,-0.032988137461430894,-2.5542667476340277,-1.507477473293526e-06,-6.927229376446287e-05,-0.0050227231426422676,-0.0037982384218899685,0.010101795297536487,-0.00022516480017330942
16.36,187.07601064188162,217.78099246474255,-2.706588279068942,1.5095129643375227,1.0,179.63872109934832,222.03189148109703,-2.9965410877447054,1.3437859071697063,0.1407130684151931,-1.4183489780419429e-05,-0.032988159945837744,-2.5542666413122848,-1.5092024352689757e-06,-6.928055893232245e-05,-0.005022781828214747,-0.0037982370569015792,0.010101935940877495,-0.00022517887754041683
16.38,187.07601064188162,217.78099246474255,-2.706588279068942,1.5095129643375227,1.0,179.63871101729418,222.03189947614322,-2.9965414808072444,1.3437855954719988,0.14071307398885657,-1.418360611862134e-05,-0.032988182429913554,-2.5542665349745364,-1.5109433151516086e-06,-6.928879935102513e-05,-0.005022840566442668,-0.0037982356853848314,0.010102076715068173,-0.0002251928975317973
16.41,187.07601064188162,217.78099246474255,-2.706588279068942,1.5095129643375227,1.0,179.6387009353083,222.03190747084852,-2.9965418738671232,1.3437852837875828,0.1407130795623994,-1.4183722566505328e-05,-0.03298820491365827,-2.554266428620855,-1.5126999982798895e-06,-6.929701502087022e-05,-0.005022899357090775,-0.003798234307278131,0.010102217619878385,-0.0002252068602961309
16.43,187.07601064188162,217.78099246474255,-2.706588279068942,1.5095129643375227,1.0,179.63869085339107,222.03191546521364,-2.996542266924324,1.3437849721164277,0.14071308513582165,-1.4183839123283404e-05,-0.03298822739707156,-2.5542663222513124,-1.5144724205801803e-06,-6.930520620535292e-05,-0.005022958199968771,-0.0037982329228296815,0.010102358654435721,-0.00022522076631142153
16.45,187.07601064188162,217.78099246474255,-2.706588279068942,1.5095129643375227,1.0,179.63868077154308,222.03192345923944,-2.996542659978827,1.343784660458502,0.1407130907091234,-1.418395578888614e-05,-0.032988249880153184,-2.554266215865981,-1.516260499016364e-06,-6.931337290270485e-05,-0.005023017094857497,-0.003798231531853459,0.010102499818540589,-0.00022523461568504092
16.47,187.07601064188162,217.78099246474255,-2.706588279068942,1.5095129643375227,1.0,179.63867068976475,222.0319314529266,-2.996543053030613,1.3437843488137766,0.1407130962823048,-1.4184072562773742e-05,-0.03298827236290307,-2.554266109464932,-1.5180641914169877e-06,-6.932151521251399e-05,-0.005023076041559464,-0.0037982301343051435,0.010102641111683854,-0.00022524840862103788
16.5,187.07601064188162,217.78099246474255,-2.706588279068942,1.5095129643375227,1.0,179.63866060805663,222.03193944627603,-2.996543446079664,1.3437840371822207,0.1407131018553659,-1.4184189444262359e-05,-0.03298829484532085,-2.554266003048237,-1.5198834905074884e-06,-6.932963324777309e-05,-0.005023135039878857,-0.003798228730383688,0.010102782533098294,-0.0002252621452867795
16.52,187.07601064188162,217.78099246474255,-2.706588279068942,1.5095129643375227,1.0,179.6386505264191,222.0319474392884,-2.9965438391259616,1.3437837255638043,0.14071310742830684,-1.4184306433128087e-05,-0.032988317327406445,-2.5542658966159673,-1.5217181338426358e-06,-6.933772720500532e-05,-0.0050231940895889525,-0.0037982273200655183,0.01010292408263918,-0.00022527582633890658
16.54,187.07601064188162,217.78099246474255,-2.706588279068942,1.5095129643375227,1.0,179.63864044485268,222.03195543196452,-2.996544232169485,1.3437834139584977,0.14071311300112765,-1.4184423528857173e-05,-0.03298833980915951,-2.5542657901681936,-1.5235683069662843e-06,-6.934579702988603e-05,-0.005023253190504955,-0.003798225903316363,0.010103065759447053,-0.00022528945142801096
16.56,187.07601064188162,217.78099246474255,-2.706588279068942,1.5095129643375227,1.0,179.63863036335792,222.03196342430516,-2.9965446252102184,1.34378310236627,0.14071311857382848,-1.4184540731123306e-05,-0.03298836229057989,-2.5542656837049877,-1.5254338052599938e-06,-6.935384292505243e-05,-0.0050233123424422085,-0.003798224480071701,0.010103207563336153,-0.00022530302114412643
16.59,187.07601064188162,217.78099246474255,-2.706588279068942,1.5095129643375227,1.0,179.63862028193515,222.0319714163111,-2.9965450182481415,1.3437827907870923,0.14071312414640938,-1.4184658039313801e-05,-0.03298838477166735,-2.5542655772264182,-1.5273146714459918e-06,-6.93618647836763e-05,-0.005023371545159516,-0.0037982230505283153,0.010103349493649865,-0.00022531653524182692
16.61,187.07601064188162,217.78099246474255,-2.706588279068942,1.5095129643375227,1.0,179.638610200585,222.031979407983,-2.9965454112832357,1.3437824792209354,0.1407131297188705,-1.4184775453006888e-05,-0.03298840725242168,-2.5542654707325547,-1.5292107140523316e-06,-6.936986297445793e-05,-0.0050234307984745735,-0.0037982216146239967,0.010103491549898858,-0.0002253299945509027
16.63,187.07601064188162,217.78099246474255,-2.706588279068942,1.5095129643375227,1.0,179.63860011930788,222.03198739932174,-2.996545804315482,1.343782167667769,0.14071313529121185,-1.4184892972009908e-05,-0.03298842973284265,-2.5542653642234674,-1.5311219881269933e-06,-6.93778373810774e-05,-0.0050234901021963835,-0.0037982201723077203,0.010103633731679666,-0.0002253433988063276
16.65,187.07601064188162,217.78099246474255,-2.706588279068942,1.5095129643375227,1.0,179.63859003810427,222.03199539032798,-2.996546197344863,1.3437818561275638,0.1407131408634336,-1.4185010595338738e-05,-0.03298845221293,-2.5542652576992246,-1.5330483876026951e-06,-6.938578823405142e-05,-0.005023549456117693,-0.003798218723754746,0.010103776038290716,-0.0002253567484948318
16.67,187.07601064188162,217.78099246474255,-2.706588279068942,1.5095129643375227,1.0,179.6385799569746,222.0320033810025,-2.9965465903713606,1.3437815446002923,0.14071314643553579,-1.418512832314091e-05,-0.03298847469268354,-2.5542651511598957,-1.5349898057336617e-06,-6.93937155944256e-05,-0.005023608860034443,-0.003798217268871013,0.010103918469477524,-0.00022537004385139365
16.69,187.07601064188162,217.78099246474255,-2.706588279068942,1.5095129643375227,1.0,179.6385698759194,222.03201137134607,-2.9965469833949556,1.3437812330859233,0.1407131520075185,-1.4185246154496521e-05,-0.032988497172103136,-2.5542650446055504,-1.5369462180074914e-06,-6.940161953281808e-05,-0.005023668313747506,-0.0037982158078064747,0.010104061024610513,-0.00022538328500313094
16.71,187.07601064188162,217.78099246474255,-2.706588279068942,1.5095129643375227,1.0,179.63855979493908,222.0320193613594,-2.9965473764156307,1.3437809215844285,0.1407131575793819,-1.418536408956525e-05,-0.032988519651188423,-2.5542649380362583,-1.5389176162180747e-06,-6.940950016899553e-05,-0.005023727817116806,-0.0037982143401445317,0.010104203703417651,-0.00022539647215578636
16.73,187.07601064188162,217.78099246474255,-2.706588279068942,1.5095129643375227,1.0,179.6385497140341,222.03202735104327,-2.9965477694333678,1.3437806100957783,0.140713163151126,-1.4185482127316112e-05,-0.03298854212993932,-2.5542648314520857,-1.54090389711196e-06,-6.941735751857893e-05,-0.005023787369857558,-0.0037982128665374226,0.01010434650506564,-0.00022540960543607346
16.75,187.07601064188162,217.78099246474255,-2.706588279068942,1.5095129643375227,1.0,179.638539633205,222.03203534039847,-2.9965481624481485,1.3437802986199445,0.14071316872275091,-1.4185600267764728e-05,-0.0329885646083556,-2.554264724853102,-1.5429050055662486e-06,-6.94251917332476e-05,-0.0050238469718324975,-0.003798211386523737,0.010104489429393158,-0.00022542268516602225
16.77,187.07601064188162,217.78099246474255,-2.706588279068942,1.5095129643375227,1.0,179.63852955245216,222.0320433294255,-2.9965485554599542,1.343779987156899,0.14071317429425673,-1.4185718510072771e-05,-0.032988587086436975,-2.554264618239374,-1.5449208385464978e-06,-6.943300296672402e-05,-0.005023906622816534,-0.003798209900416448,0.010104632475689913,-0.0002254357117026807
16.79,187.07601064188162,217.78099246474255,-2.706588279068942,1.5095129643375227,1.0,179.63851947177608,222.03205131812538,-2.996548948468769,1.3437796757066123,0.14071317986564363,-1.4185836854104858e-05,-0.03298860956418329,-2.554264511610969,-1.5469513787575145e-06,-6.94407912258206e-05,-0.005023966322641435,-0.0037982084080444675,0.010104775643678093,-0.00022544868507805033
16.81,187.07601064188162,217.78099246474255,-2.706588279068942,1.5095129643375227,1.0,179.63850939117725,222.03205930649867,-2.9965493414745716,1.3437793642690563,0.14071318543691153,-1.418595529940451e-05,-0.03298863204159431,-2.554264404967954,-1.5489966368213356e-06,-6.944855649862743e-05,-0.005024026071098379,-0.003798206909529918,0.0101049189327588,-0.00022546160524306903
16.83,187.07601064188162,217.78099246474255,-2.706588279068942,1.5095129643375227,1.0,179.63849931065602,222.03206729454624,-2.996549734477348,1.3437790528442022,0.14071319100806057,-1.4186073845558636e-05,-0.03298865451866993,-2.5542642983103985,-1.5510563939665628e-06,-6.945629917535121e-05,-0.0050240858679990305,-0.0037982054047120623,0.010105062342526262,-0.00022547447310212646
16.85,187.07601064188162,217.78099246474255,-2.706588279068942,1.5095129643375227,1.0,179.63848923021288,222.03207528226864,-2.99655012747708,1.3437787414320224,0.14071319657909093,-1.418619249207084e-05,-0.032988676995409735,-2.554264191638367,-1.553130707645069e-06,-6.946401912917728e-05,-0.005024145713174285,-0.0037982038937984966,0.010105205872488258,-0.0002254872883618148
16.87,187.07601064188162,217.78099246474255,-2.706588279068942,1.5095129643375227,1.0,179.63847914984834,222.03208326966669,-2.9965505204737486,1.3437784300324882,0.14071320215000266,-1.4186311238495049e-05,-0.03298869947181378,-2.554264084951926,-1.5552195188265998e-06,-6.947171645503713e-05,-0.0050242056063961775,-0.0037982023768313917,0.010105349522062908,-0.00022550005123731472
16.89,187.07601064188162,217.78099246474255,-2.706588279068942,1.5095129643375227,1.0,179.6384690695628,222.03209125674107,-2.9965509134673374,1.3437781186455717,0.14071320772079582,-1.4186430084508432e-05,-0.032988721947881675,-2.5542639782511416,-1.5573227223902733e-06,-6.947939126801791e-05,-0.005024265547491185,-0.003798200853753729,0.010105493290956575,-0.00022551276204550055
16.91,187.07601064188162,217.78099246474255,-2.706588279068942,1.5095129643375227,1.0,179.6384589893567,222.03209924349258,-2.996551306457828,1.3437778072712454,0.14071321329147046,-1.4186549029621531e-05,-0.03298874442361328,-2.5542638715360804,-1.5594402809393547e-06,-6.94870436921517e-05,-0.0050243255362664675,-0.0037981993245622655,0.010105637178594234,-0.0002255254210204539
16.93,187.07601064188162,217.78099246474255,-2.706588279068942,1.5095129643375227,1.0,179.6384489092305,222.0321072299218,-2.9965516994452037,1.3437774959094808,0.14071321886202676,-1.418666807328414e-05,-0.03298876689900832,-2.5542637648068065,-1.561572165577254e-06,-6.949467376064604e-05,-0.005024385572539564,-0.00379819778937695,0.010105781184478833,-0.000225538028239265
16.95,187.07601064188162,217.78099246474255,-2.706588279068942,1.5095129643375227,1.0,179.63843882920125,222.03211521603995,-2.9965520924288014,1.3437771845598456,0.14071322443231565,-1.4186785326597158e-05,-0.0329887893749583,-2.554263658064936,-1.5638683067619938e-06,-6.950230309488417e-05,-0.0050244456964668675,-0.003798195316528597,0.010105925512797096,-0.00022555044790762625
16.97,187.07601064188162,217.78099246474255,-2.706588279068942,1.5095129643375227,1.0,179.63842874926462,222.03212320183857,-2.996552485408787,1.343776873222668,0.14071323000239822,-1.4186902348070202e-05,-0.03298881185078004,-2.5542635513097793,-1.566210229087114e-06,-6.950989324701909e-05,-0.005024505865253652,-0.003798192386198539,0.010106070161608567,-0.00022556276338362493
16.99,187.07601064188162,217.78099246474255,-2.706588279068942,1.5095129643375227,1.0,179.6384186694166,222.03213118731128,-2.9965528783853177,1.3437765618981963,0.14071323557235804,-1.4187019471812283e-05,-0.03298883432624786,-2.5542634445407284,-1.568566811222167e-06,-6.951745972028002e-05,-0.005024566080337301,-0.003798189448858852,0.010106214927527305,-0.00022557502456143204
17.01,187.07601064188162,217.78099246474255,-2.706588279068942,1.5095129643375227,1.0,179.6384085896575,222.03213917245864,-2.9965532713583816,1.3437762505864093,0.14071324114219624,-1.4187136697011103e-05,-0.032988856801359615,-2.554263337757833,-1.5709370504305223e-06,-6.952500437778231e-05,-0.00502462634197657,-0.0037981865080638517,0.010106359808804593,-0.00022558723559761677
17.03,187.07601064188162,217.78099246474255,-2.706588279068942,1.5095129643375227,1.0,179.63839850998775,222.03214715728132,-2.9965536643279638,1.3437759392872786,0.140713246711913,-1.4187254023208448e-05,-0.032988879276115095,-2.554263230961159,-1.5733208988592904e-06,-6.95325270936262e-05,-0.0050246866499743525,-0.0037981835640922045,0.010106504805125122,-0.00022559939634153042
17.05,187.07601064188162,217.78099246474255,-2.706588279068942,1.5095129643375227,1.0,179.63838843040773,222.03215514178007,-2.996554057294045,1.3437756280007778,0.14071325228150827,-1.4187371449855849e-05,-0.032988901750514096,-2.5542631241507663,-1.575718357759424e-06,-6.954002802302223e-05,-0.00502474700415431,-0.0037981806168253633,0.010106649915865807,-0.00022561150702756107
17.07,187.07601064188162,217.78099246474255,-2.706588279068942,1.5095129643375227,1.0,179.63837835091795,222.03216312595552,-2.9965544502566104,1.3437753167268793,0.1407132578509822,-1.4187488976731137e-05,-0.032988924224556446,-2.55426301732672,-1.5781293393101132e-06,-6.954750731433474e-05,-0.005024807404349393,-0.003798177666208799,0.01010679514064537,-0.00022562356800060474
17.09,187.07601064188162,217.78099246474255,-2.706588279068942,1.5095129643375227,1.0,179.63836827151874,222.03217110980847,-2.996554843215643,1.3437750054655553,0.14071326342033497,-1.4187606603480239e-05,-0.032988946698242046,-2.5542629104890846,-1.5805537441249302e-06,-6.955496499216128e-05,-0.005024867850363146,-0.003798174712365781,0.010106940479138304,-0.00022563557942094925
17.11,187.07601064188162,217.78099246474255,-2.706588279068942,1.5095129643375227,1.0,179.63835819221057,222.0321790933396,-2.9965552361711283,1.343774694216779,0.14071326898956657,-1.4187724329426243e-05,-0.032988969171570764,-2.5542628036379207,-1.5829915548357153e-06,-6.956240116201236e-05,-0.005024928341998682,-0.0037981717553673827,0.010107085930690547,-0.0002256475414631856
17.13,187.07601064188162,217.78099246474255,-2.706588279068942,1.5095129643375227,1.0,179.63834811299384,222.03218707654958,-2.996555629123048,1.3437743829805227,0.14071327455867716,-1.4187842154485838e-05,-0.032988991644542325,-2.554262696773292,-1.5854428187835057e-06,-6.956981587360876e-05,-0.005024988879125504,-0.003798168794943456,0.01010723149492826,-0.00022565945414241838
17.15,187.07601064188162,217.78099246474255,-2.706588279068942,1.5095129643375227,1.0,179.63833803386888,222.03219505943915,-2.996556022071388,1.3437740717567594,0.14071328012766668,-1.4187960078096666e-05,-0.03298901411715675,-2.554262589895263,-1.5879072911858085e-06,-6.957720924342584e-05,-0.0050250494615051745,-0.003798165831301022,0.010107377171622542,-0.000225671317957135
17.17,187.07601064188162,217.78099246474255,-2.706588279068942,1.5095129643375227,1.0,179.63832795483623,222.03220304200892,-2.9965564150161312,1.3437737605454625,0.1407132856965354,-1.4188078099739763e-05,-0.032989036589413746,-2.554262483003894,-1.5903850399842613e-06,-6.958458137157117e-05,-0.0050251100889977885,-0.0037981628644542524,0.010107522960068165,-0.00022568313296083222
17.19,187.07601064188162,217.78099246474255,-2.706588279068942,1.5095129643375227,1.0,179.6383178758962,222.0322110242596,-2.9965568079572624,1.3437734493466045,0.1407132912652833,-1.4188196219234622e-05,-0.032989059061313296,-2.5542623760992478,-1.5928760175993022e-06,-6.959193226561115e-05,-0.005025170761404761,-0.0037981598943923754,0.010107668859898944,-0.00022569489922077398
17.21,187.07601064188162,217.78099246474255,-2.706588279068942,1.5095129643375227,1.0,179.6383077970493,222.03221900619192,-2.996557200894764,1.34377313816016,0.14071329683391054,-1.4188314435911272e-05,-0.032989081532855055,-2.5542622691813848,-1.595380094677047e-06,-6.95992621200764e-05,-0.005025231478556647,-0.003798156921092442,0.010107814870747772,-0.00022570661720962935
17.23,187.07601064188162,217.78099246474255,-2.706588279068942,1.5095129643375227,1.0,179.63829771829586,222.03222698780652,-2.996557593828622,1.3437728269861011,0.1407133024024171,-1.418843274963607e-05,-0.03298910400403901,-2.5542621622503687,-1.597897295116564e-06,-6.96065709744995e-05,-0.005025292240294593,-0.0037981539444600747,0.010107960992147414,-0.00022571828695084622
17.25,187.07601064188162,217.78099246474255,-2.706588279068942,1.5095129643375227,1.0,179.63828763963625,222.03223496910408,-2.9965579867588206,1.343772515824402,0.14071330797080317,-1.4188551159824093e-05,-0.032989126474865016,-2.55426205530626,-1.600427530711935e-06,-6.961385890345948e-05,-0.0050253530464111655,-0.0037981509647118483,0.010108107223577,-0.0002257299086627245
17.27,187.07601064188162,217.78099246474255,-2.706588279068942,1.5095129643375227,1.0,179.63827756107094,222.03224295008533,-2.996558379685344,1.3437722046750356,0.1407133135390688,-1.418866966620805e-05,-0.032989148945332815,-2.554261948349121,-1.6029707657585395e-06,-6.962112602531366e-05,-0.0050254138967716425,-0.0037981479816163394,0.010108253564745878,-0.00022574148258004313
17.29,187.07601064188162,217.78099246474255,-2.706588279068942,1.5095129643375227,1.0,179.6382674826003,222.03225093075093,-2.9965587726081755,1.3437718935379752,0.14071331910721407,-1.418878826827245e-05,-0.03298917141544246,-2.554261841379012,-1.6055269129321321e-06,-6.962837234818843e-05,-0.005025474791141309,-0.003798144995397253,0.010108400015167524,-0.0002257530088149814
17.31,187.07601064188162,217.78099246474255,-2.706588279068942,1.5095129643375227,1.0,179.63825740422473,222.03225891110154,-2.9965591655273007,1.3437715824131957,0.14071332467523906,-1.4188906965546923e-05,-0.032989193885193634,-2.554261734395993,-1.6080959585711152e-06,-6.963559797754576e-05,-0.005025535729382608,-0.0037981420060416732,0.010108546574375052,-0.00022576448754326963
17.33,187.07601064188162,217.78099246474255,-2.706588279068942,1.5095129643375227,1.0,179.63824732594466,222.0322668911378,-2.9965595584427027,1.3437712713006709,0.14071333024314392,-1.4189025757791949e-05,-0.03298921635458623,-2.5542616274001233,-1.6106778373233595e-06,-6.964280303010953e-05,-0.005025596711321277,-0.0037981390134048,0.010108693242012327,-0.00022577591903272167
17.35,187.07601064188162,217.78099246474255,-2.706588279068942,1.5095129643375227,1.0,179.63823724776046,222.03227487086042,-2.996559951354368,1.343770960200374,0.14071333581092862,-1.4189144644604853e-05,-0.03298923882362012,-2.554261520391465,-1.6132724989685121e-06,-6.964998756641262e-05,-0.0050256577367828875,-0.003798136017552879,0.01010884001764798,-0.0002257873034348489
17.37,187.07601064188162,217.78099246474255,-2.706588279068942,1.5095129643375227,1.0,179.6382271696725,222.03228285027004,-2.9965603442622815,1.3437706491122794,0.14071334137859332,-1.4189263625569073e-05,-0.03298926129229514,-2.554261413370077,-1.6158798971381734e-06,-6.965715172031436e-05,-0.005025718805606188,-0.0037981330185535137,0.01010898690075201,-0.00022579864101035985
17.39,187.07601064188162,217.78099246474255,-2.706588279068942,1.5095129643375227,1.0,179.6382170916812,222.03229082936735,-2.9965607371664253,1.343770338036361,0.1407133469461381,-1.418938270042947e-05,-0.03298928376061115,-2.5542613063360213,-1.6185000034984543e-06,-6.966429546916234e-05,-0.0050257799176165385,-0.0037981300162223636,0.010109133891117023,-0.00022580993176093297
17.41,187.07601064188162,217.78099246474255,-2.706588279068942,1.5095129643375227,1.0,179.63820701378694,222.03229880815297,-2.996561130066786,1.3437700269725945,0.1407133525135631,-1.4189501868148111e-05,-0.03298930622856801,-2.5542611992893534,-1.621132671069921e-06,-6.967141896882281e-05,-0.0050258410725884895,-0.0037981270111324007,0.010109280987994919,-0.00022582117609773055
17.44,187.07601064188162,217.78099246474255,-2.706588279068942,1.5095129643375227,1.0,179.63819693599015,222.03230678662757,-2.9965615229633475,1.343769715920952,0.14071335808086827,-1.418962112934984e-05,-0.03298932869616552,-2.554261092230135,-1.6237780158438828e-06,-6.967852227581477e-05,-0.005025902270448461,-0.003798124002467027,0.01010942819127706,-0.00022583237397552766
17.47,187.07601064188162,217.78099246474255,-2.706588279068942,1.5095129643375227,1.0,179.63818685829116,222.03231476479183,-2.9965619158560948,1.3437694048814095,0.1407133636480538,-1.418974048294292e-05,-0.032989351163403645,-2.554260985158425,-1.6264357891039279e-06,-6.968560548093901e-05,-0.005025963510951181,-0.0037981209907836043,0.010109575500562452,-0.00022584352584459225
17.49,187.07601064188162,217.78099246474255,-2.706588279068942,1.5095129643375227,1.0,179.6381767806904,222.03232274264641,-2.9965623087450135,1.3437690938539417,0.14071336921511968,-1.4189859928646172e-05,-0.03298937363028218,-2.5542608780742815,-1.6291060890384406e-06,-6.969266867938351e-05,-0.005026024793956658,-0.003798117975923528,0.010109722915172576,-0.00022585463171559801
17.51,187.07601064188162,217.78099246474255,-2.706588279068942,1.5095129643375227,1.0,179.63816670318826,222.03233072019194,-2.9965627016300886,1.3437687828385225,0.1407133747820661,-1.4189979466416204e-05,-0.032989396096800974,-2.554260770977764,-1.631788821091439e-06,-6.969971189033203e-05,-0.005026086119301946,-0.003798114957890853,0.010109870434931447,-0.00022586569174011425
17.53,187.07601064188162,217.78099246474255,-2.706588279068942,1.5095129643375227,1.0,179.63815662578506,222.03233869742903,-2.9965630945113046,1.3437684718351268,0.14071338034889314,-1.4190099095454612e-05,-0.032989418562959845,-2.5542606638689302,-1.6344839576211889e-06,-6.970673527776494e-05,-0.005026147486816356,-0.0037981119367666814,0.010110018059176669,-0.00022587670619873658
17.55,187.07601064188162,217.78099246474255,-2.706588279068942,1.5095129643375227,1.0,179.6381465484812,222.0323466743583,-2.9965634873886464,1.3437681608437306,0.14071338591560073,-1.4190218815577414e-05,-0.03298944102875883,-2.554260556747837,-1.6371913840004153e-06,-6.971373882855433e-05,-0.005026208896309906,-0.003798108912516188,0.010110165787796102,-0.00022588767522067123
17.57,187.07601064188162,217.78099246474255,-2.706588279068942,1.5095129643375227,1.0,179.63813647127714,222.03235465098052,-2.9965638802621,1.3437678498643075,0.14071339148218912,-1.419033862642359e-05,-0.03298946349419763,-2.5542604496145436,-1.639911134044083e-06,-6.972072267721473e-05,-0.005026270347647995,-0.003798105885021756,0.010110313620213746,-0.0002258985989653513
17.59,187.07601064188162,217.78099246474255,-2.706588279068942,1.5095129643375227,1.0,179.63812639417324,222.0323626272962,-2.9965642731316477,1.3437675388968342,0.14071339704865826,-1.4190458527406487e-05,-0.032989485959276046,-2.5542603424691053,-1.6426430830603772e-06,-6.972768686586944e-05,-0.005026331840622609,-0.003798102854583269,0.01011046155601147,-0.0002259094776478593
17.61,187.07601064188162,217.78099246474255,-2.706588279068942,1.5095129643375227,1.0,179.63811631716976,222.03237060330608,-2.9965646659972793,1.3437672279412838,0.14071340261500834,-1.4190578518527837e-05,-0.03298950842399406,-2.5542602353115833,-1.6453871838522423e-06,-6.973463158794696e-05,-0.005026393375128018,-0.003798099820884824,0.010110609594929406,-0.00022592031164026834
17.63,187.07601064188162,217.78099246474255,-2.706588279068942,1.5095129643375227,1.0,179.6381062402672,222.03237857901075,-2.996565058858978,1.3437669169976327,0.1407134081812394,-1.4190698599135034e-05,-0.032989530888351576,-2.554260128142034,-1.6481434396013782e-06,-6.974155683629496e-05,-0.005026454950966155,-0.003798096784074491,0.010110757736392445,-0.00022593110091077351
17.65,187.07601064188162,217.78099246474255,-2.706588279068942,1.5095129643375227,1.0,179.63809616346592,222.0323865544108,-2.996565451716729,1.3437666060658557,0.14071341374735155,-1.4190818768912182e-05,-0.032989553352348315,-2.5542600209605135,-1.6509118103684873e-06,-6.974846261565836e-05,-0.005026516567977854,-0.0037980937442467695,0.010110905980053061,-0.00022594184550975732
17.67,187.07601064188162,217.78099246474255,-2.706588279068942,1.5095129643375227,1.0,179.63808608676618,222.03239452950692,-2.996565844570519,1.343766295145929,0.14071341931334477,-1.419093902766315e-05,-0.03298957581598427,-2.554259913767079,-1.6536922143396736e-06,-6.97553491439802e-05,-0.005026578226012693,-0.003798090701105473,0.010111054325584212,-0.000225952545892071
17.69,187.07601064188162,217.78099246474255,-2.706588279068942,1.5095129643375227,1.0,179.6380760101685,222.0324025042997,-2.9965662374203315,1.3437659842378282,0.14071342487921926,-1.4191059374686735e-05,-0.03298959827925917,-2.554259806561786,-1.6564846086278024e-06,-6.9762216357899e-05,-0.00502663992487988,-0.003798087655066337,0.010111202772488745,-0.00022596320199240133
17.71,187.07601064188162,217.78099246474255,-2.706588279068942,1.5095129643375227,1.0,179.63806593367318,222.0324104787898,-2.996566630266154,1.343765673341528,0.14071343044497506,-1.4191179809937803e-05,-0.03298962074217303,-2.554259699344691,-1.6592889467858694e-06,-6.976906441622221e-05,-0.005026701664439592,-0.00379808460583462,0.010111351320464201,-0.00022597381412536302
17.74,187.07601064188162,217.78099246474255,-2.706588279068942,1.5095129643375227,1.0,179.63805585728053,222.03241845297782,-2.9965670231079713,1.3437653624570043,0.1407134360106122,-1.4191300332814082e-05,-0.03298964320472566,-2.5542595921158515,-1.6621051300668007e-06,-6.97758934523906e-05,-0.00502676344451357,-0.003798081553603439,0.010111499969008748,-0.00022598438261771538
17.77,187.07601064188162,217.78099246474255,-2.706588279068942,1.5095129643375227,1.0,179.63804578099104,222.03242642686442,-2.9965674159457687,1.3437650515842339,0.1407134415761309,-1.419142094299447e-05,-0.032989665666916815,-2.554259484875322,-1.6649332211876805e-06,-6.9782703435392e-05,-0.00502682526497349,-0.0037980784982365357,0.01011164871776404,-0.00022599490733293164
17.79,187.07601064188162,217.78099246474255,-2.706588279068942,1.5095129643375227,1.0,179.63803570480502,222.03243440045014,-2.9965678087795315,1.3437647407231919,0.140713447141531,-1.4191541640227297e-05,-0.03298968812874647,-2.554259377623158,-1.6677731133356213e-06,-6.978949440085034e-05,-0.005026887125622297,-0.0037980754398623286,0.01011179756640224,-0.00022600538845847517
17.81,187.07601064188162,217.78099246474255,-2.706588279068942,1.5095129643375227,1.0,179.63802562872283,222.0324423737356,-2.9965682016092465,1.3437644298738558,0.1407134527068128,-1.419166242394847e-05,-0.03298971059021447,-2.5542592703594127,-1.6706247538431172e-06,-6.979626653981898e-05,-0.005026949026307592,-0.0037980723784617025,0.010111946514390284,-0.00022601582635641852
17.83,187.07601064188162,217.78099246474255,-2.706588279068942,1.5095129643375227,1.0,179.63801555274483,222.03245034672148,-2.9965685944349,1.3437641190361997,0.14071345827197623,-1.4191783294211795e-05,-0.032989733051320705,-2.5542591630841445,-1.6734881025341894e-06,-6.980301991679094e-05,-0.005027010966910752,-0.00379806931374296,0.01011209556161367,-0.00022602622118723047
17.85,187.07601064188162,217.78099246474255,-2.706588279068942,1.5095129643375227,1.0,179.63800547687137,222.03245831940836,-2.9965689872564774,1.3437638082102008,0.1407134638370215,-1.4191904250300445e-05,-0.032989755512065046,-2.5542590557974085,-1.6763630547036393e-06,-6.980975461810078e-05,-0.005027072947230012,-0.003798066246068702,0.010112244707505028,-0.00022603657320500393
17.87,187.07601064188162,217.78099246474255,-2.706588279068942,1.5095129643375227,1.0,179.6379954011028,222.03246629179682,-2.996569380073965,1.3437634973958352,0.1407134694019486,-1.4192025291855132e-05,-0.03298977797244726,-2.554258948499258,-1.679249671381099e-06,-6.981647059810136e-05,-0.005027134967120648,-0.003798063175466485,0.010112393951596646,-0.000226046882245658
17.89,187.07601064188162,217.78099246474255,-2.706588279068942,1.5095129643375227,1.0,179.63798532543953,222.0324742638875,-2.9965697728873475,1.3437631865930795,0.14071347496675762,-1.4192146418707498e-05,-0.03298980043246736,-2.5542588411897493,-1.6821478089507633e-06,-6.982316811418194e-05,-0.005027197026428841,-0.0037980601017588212,0.01011254329358803,-0.00022605714890598335
17.91,187.07601064188162,217.78099246474255,-2.706588279068942,1.5095129643375227,1.0,179.6379752498819,222.032482235681,-2.9965701656966117,1.34376287580191,0.14071348053144866,-1.4192267630328164e-05,-0.032989822892125084,-2.5542587338689344,-1.685057515544595e-06,-6.982984703156366e-05,-0.0050272591249983555,-0.003798057025044969,0.01011269273312173,-0.00022606737289793778
17.93,187.07601064188162,217.78099246474255,-2.706588279068942,1.5095129643375227,1.0,179.63796517443026,222.03249020717791,-2.9965705585017446,1.3437625650223037,0.14071348609602174,-1.4192388926510588e-05,-0.03298984535142044,-2.554258626536869,-1.687978676810707e-06,-6.983650756608377e-05,-0.00502732126266175,-0.003798053945324262,0.01011284226974606,-0.00022607755470582339
17.95,187.07601064188162,217.78099246474255,-2.706588279068942,1.5095129643375227,1.0,179.63795509908496,222.03249817837883,-2.9965709513027305,1.343762254254237,0.14071349166047697,-1.4192510306853827e-05,-0.032989867810353166,-2.5542585191936062,-1.690911255224103e-06,-6.984314972806392e-05,-0.005027383439280661,-0.003798050862473082,0.010112991903278752,-0.00022608769439483805
17.97,187.07601064188162,217.78099246474255,-2.706588279068942,1.5095129643375227,1.0,179.6379450238463,222.03250614928436,-2.9965713440995585,1.3437619434976866,0.14071349722481447,-1.419263177097083e-05,-0.032989890268923155,-2.5542584118392,-1.693855238610602e-06,-6.984977369585971e-05,-0.005027445654708193,-0.0037980477766055283,0.0101131416330306,-0.0002260977922465433
17.99,187.07601064188162,217.78099246474255,-2.706588279068942,1.5095129643375227,1.0,179.6379349487148,222.03251411989507,-2.996571736892211,1.3437616327526296,0.14071350278903422,-1.419275331863596e-05,-0.03298991272713031,-2.554258304473704,-1.6968105882796906e-06,-6.985637933789611e-05,-0.00502750790877074,-0.0037980446877561467,0.010113291458873342,-0.0002261078480994315
18.01,187.07601064188162,217.78099246474255,-2.706588279068942,1.5095129643375227,1.0,179.6379248736906,222.03252209021153,-2.9965721296806787,1.3437613220190436,0.1407135083531364,-1.4192874949047337e-05,-0.032989935184974485,-2.5542581970971687,-1.6997771597006056e-06,-6.986296700702376e-05,-0.005027570201307464,-0.003798041596044872,0.010113441380159112,-0.00022611786268803547
18.03,187.07601064188162,217.78099246474255,-2.706588279068942,1.5095129643375227,1.0,179.63791479877418,222.03253006023436,-2.996572522464944,1.3437610112969045,0.140713513917121,-1.4192996662624996e-05,-0.03298995764245557,-2.5542580897096516,-1.7027550049625393e-06,-6.986953654938076e-05,-0.005027632532202367,-0.003798038501086228,0.010113591396938189,-0.00022612783570994242
18.05,187.07601064188162,217.78099246474255,-2.706588279068942,1.5095129643375227,1.0,179.63790472396585,222.03253802996423,-2.996572915244996,1.3437607005861898,0.14071351948098818,-1.4193118458381338e-05,-0.03298998009957343,-2.5542579823112024,-1.705744075823374e-06,-6.987608809948582e-05,-0.005027694901276779,-0.0037980354032566247,0.010113741508457973,-0.00022613776741673455
18.07,187.07601064188162,217.78099246474255,-2.706588279068942,1.5095129643375227,1.0,179.63789464926595,222.0325459994016,-2.9965733080208206,1.3437603898868762,0.1407135250447379,-1.4193240336581922e-05,-0.03299000255632798,-2.554257874901877,-1.708744256738383e-06,-6.988262171944606e-05,-0.005027757308385578,-0.0037980323023671255,0.010113891714688433,-0.00022614765806401306
18.09,187.07601064188162,217.78099246474255,-2.706588279068942,1.5095129643375227,1.0,179.6378845746748,222.03255396854712,-2.9965737007924047,1.3437600791989415,0.14071353060837039,-1.4193362296147165e-05,-0.0329900250127191,-2.5542577674817255,-1.7117555558761625e-06,-6.988913751337984e-05,-0.0050278197533672785,-0.0037980291985424616,0.01011404201496324,-0.00022615750778875218
18.11,187.07601064188162,217.78099246474255,-2.706588279068942,1.5095129643375227,1.0,179.6378745001928,222.0325619374014,-2.9965740935597345,1.3437597685223628,0.14071353617188556,-1.4193484337509245e-05,-0.032990047468746564,-2.5542576600508005,-1.7147779609820836e-06,-6.989563552930165e-05,-0.005027882236105404,-0.0037980260916395613,0.010114192409034705,-0.00022616731668167016
18.14,187.07601064188162,217.78099246474255,-2.706588279068942,1.5095129643375227,1.0,179.63786442582028,222.03256990596492,-2.996574486322796,1.3437594578571184,0.14071354173528355,-1.4193606459437573e-05,-0.032990069924410316,-2.554257552609152,-1.7178113940020468e-06,-6.990211584812219e-05,-0.0050279447563980045,-0.00379802298195791,0.010114342896307893,-0.00022617708495401955
18.17,187.07601064188162,217.78099246474255,-2.706588279068942,1.5095129643375227,1.0,179.63785435155754,222.03257787423826,-2.996574879081577,1.343759147203186,0.1407135472985645,-1.4193728662397313e-05,-0.03299009237971027,-2.554257445156834,-1.7208557744634225e-06,-6.990857854638447e-05,-0.005028007314134469,-0.003798019869188573,0.010114493476789443,-0.00022618681284178018
18.19,187.07601064188162,217.78099246474255,-2.706588279068942,1.5095129643375227,1.0,179.63784427740495,222.0325858422221,-2.996575271836064,1.3437588365605422,0.14071355286172837,-1.419385094563171e-05,-0.03299011483464619,-2.5542573376938984,-1.7239110971509816e-06,-6.991502369711928e-05,-0.005028069909166064,-0.0037980167534336488,0.010114644149945838,-0.00022619650045369166
18.22,187.07601064188162,217.78099246474255,-2.706588279068942,1.5095129643375227,1.0,179.63783420336284,222.03259380991688,-2.996575664586244,1.3437585259291658,0.14071355842477534,-1.4193973309003648e-05,-0.032990137289217986,-2.5542572302203963,-1.726977314852056e-06,-6.992145136393361e-05,-0.005028132541338537,-0.003798013634750966,0.010114794915387122,-0.0002262061479432947
18.25,187.07601064188162,217.78099246474255,-2.706588279068942,1.5095129643375227,1.0,179.63782412943158,222.03260177732326,-2.996576057332102,1.3437582153090335,0.14071356398770532,-1.4194095752105243e-05,-0.032990159743425666,-2.5542571227363773,-1.7300543998400187e-06,-6.992786153050577e-05,-0.0050281952104856385,-0.003798010513156559,0.01011494577279553,-0.00022621575531403925
18.28,187.07601064188162,217.78099246474255,-2.706588279068942,1.5095129643375227,1.0,179.63781405561147,222.0326097444418,-2.9965764500736274,1.3437579047001242,0.14071356955051856,-1.4194218274719539e-05,-0.03299018219726894,-2.5542570152418946,-1.7331422264419598e-06,-6.993425445919464e-05,-0.005028257916485155,-0.003798007388513852,0.010115096721867415,-0.00022622532314574878
18.3,187.07601064188162,217.78099246474255,-2.706588279068942,1.5095129643375227,1.0,179.63780398190283,222.03261771127305,-2.9965768428108057,1.3437575941024154,0.14071357511321503,-1.4194340876237315e-05,-0.03299020465074773,-2.554256907736999,-1.736240890530625e-06,-6.994063007548823e-05,-0.0050283206592040205,-0.003798004260915972,0.010115247762075777,-0.00022623485117948046
18.32,187.07601064188162,217.78099246474255,-2.706588279068942,1.5095129643375227,1.0,179.637793908306,222.03262567781755,-2.996577235543625,1.3437572835158853,0.14071358067579487,-1.4194463556563111e-05,-0.03299022710386196,-2.554256800221739,-1.7393502205160583e-06,-6.994698842367617e-05,-0.005028383438448527,-0.003798001130543551,0.010115398893234605,-0.00022624433970385848
18.34,187.07601064188162,217.78099246474255,-2.706588279068942,1.5095129643375227,1.0,179.63778383482136,222.03263364407584,-2.9965776282720715,1.343756972940513,0.14071358623825805,-1.4194586315276894e-05,-0.03299024955661149,-2.5542566926961663,-1.7424702217299325e-06,-6.995332967058398e-05,-0.005028446254105143,-0.003797997997104757,0.010115550114948909,-0.00022625378897571204
18.36,187.07601064188162,217.78099246474255,-2.706588279068942,1.5095129643375227,1.0,179.63777376144915,222.03264161004853,-2.9965780209961337,1.3437566623762753,0.14071359180060475,-1.4194709152147822e-05,-0.03299027200899619,-2.5542565851603314,-1.7456009016573624e-06,-6.995965385324263e-05,-0.005028509106048218,-0.0037979948607610903,0.010115701426730878,-0.00022626319902924449
18.38,187.07601064188162,217.78099246474255,-2.706588279068942,1.5095129643375227,1.0,179.6377636881898,222.03264957573617,-2.9965784137157967,1.343756351823151,0.14071359736283498,-1.4194832066708999e-05,-0.03299029446101587,-2.5542564776142838,-1.7487421698627681e-06,-6.996596102791145e-05,-0.005028571994095278,-0.0037979917215369323,0.010115852828271665,-0.00022627257006612738
18.4,187.07601064188162,217.78099246474255,-2.706588279068942,1.5095129643375227,1.0,179.63775361504358,222.03265754113926,-2.996578806431049,1.3437560412811203,0.14071360292494883,-1.4194955058644533e-05,-0.03299031691267053,-2.5542563700580714,-1.7518939883695833e-06,-6.997225118218796e-05,-0.005028634918112982,-0.0037979885794761723,0.010116004319340425,-0.00022628190211073743
18.42,187.07601064188162,217.78099246474255,-2.706588279068942,1.5095129643375227,1.0,179.6377435420108,222.0326655062584,-2.996579199141878,1.3437557307501589,0.1407136084869464,-1.4195078127966575e-05,-0.03299033936396002,-2.5542562624917466,-1.7550562667599003e-06,-6.997852454995848e-05,-0.005028697877987162,-0.0037979854343142367,0.010116155899678597,-0.00022629119565529865
18.44,187.07601064188162,217.78099246474255,-2.706588279068942,1.5095129643375227,1.0,179.63773346909184,222.03267347109417,-2.996579591848272,1.3437554202302464,0.14071361404882765,-1.4195201273963502e-05,-0.0329903618148842,-2.554256154915358,-1.7582290398470172e-06,-6.998478106316362e-05,-0.005028760873535739,-0.0037979822864288477,0.010116307568626727,-0.0002263004505217459
18.46,187.07601064188162,217.78099246474255,-2.706588279068942,1.5095129643375227,1.0,179.63772339628696,222.03268143564705,-2.9965799845502166,1.3437551097213625,0.14071361961059278,-1.4195324496571094e-05,-0.032990384265442964,-2.554256047328956,-1.7614122169426266e-06,-6.999102091814901e-05,-0.00502882390465566,-0.003797979135476966,0.010116459326062586,-0.00022630966714798421
18.48,187.07601064188162,217.78099246474255,-2.706588279068942,1.5095129643375227,1.0,179.63771332359656,222.03268939991756,-2.9965803772476978,1.3437547992234857,0.14071362517224173,-1.4195447795029124e-05,-0.03299040671563611,-2.5542559397325855,-1.7646058313315182e-06,-6.999724399404364e-05,-0.005028886971167735,-0.003797975981834,0.010116611171425677,-0.00022631884527627759
18.5,187.07601064188162,217.78099246474255,-2.706588279068942,1.5095129643375227,1.0,179.63770325102087,222.03269736390635,-2.9965807699407065,1.3437544887365942,0.1407136307337747,-1.4195571169611835e-05,-0.0329904291654637,-2.5542558321262994,-1.7678096809060472e-06,-7.00034505236056e-05,-0.005028950072940214,-0.003797972825225124,0.010116763104729755,-0.00022632798555093347
18.52,187.07601064188162,217.78099246474255,-2.706588279068942,1.5095129643375227,1.0,179.63769317856023,222.03270532761388,-2.9965811626292296,1.3437541782606668,0.14071363629519168,-1.419569461971174e-05,-0.032990451614925476,-2.554255724510146,-1.7710238930237565e-06,-7.000964055562677e-05,-0.005029013209875929,-0.003797969665665702,0.010116915125294694,-0.00022633708786587613
18.54,187.07601064188162,217.78099246474255,-2.706588279068942,1.5095129643375227,1.0,179.63768310621504,222.0327132910407,-2.9965815553132535,1.3437538677956828,0.14071364185649274,-1.4195818144976495e-05,-0.03299047406402141,-2.5542556168841735,-1.7742483466455083e-06,-7.001581401586414e-05,-0.005029076381767766,-0.003797966503312706,0.010117067232969673,-0.0002263461522559947
18.56,187.07601064188162,217.78099246474255,-2.706588279068942,1.5095129643375227,1.0,179.63767303398555,222.0327212541874,-2.9965819479927664,1.3437535573416222,0.140713647417678,-1.4195941745237747e-05,-0.03299049651275122,-2.5542555092484283,-1.7774830369720815e-06,-7.002197113116054e-05,-0.005029139588546834,-0.003797963338100838,0.010117219427265685,-0.00022635517907898986
18.58,187.07601064188162,217.78099246474255,-2.706588279068942,1.5095129643375227,1.0,179.63766296187208,222.0327292170544,-2.996582340667756,1.3437532468984632,0.14071365297874747,-1.4196065419976529e-05,-0.03299051896111501,-2.5542554016029593,-1.7807278962980863e-06,-7.002811186996831e-05,-0.005029202830011418,-0.0037979601699953637,0.010117371707941993,-0.00022636416837000577
18.6,187.07601064188162,217.78099246474255,-2.706588279068942,1.5095129643375227,1.0,179.63765288987491,222.03273717964237,-2.9965827333382093,1.3437529364661855,0.14071365853970125,-1.4196189169005385e-05,-0.032990541409112506,-2.554255293947814,-1.783982856449649e-06,-7.003423637589866e-05,-0.005029266106059426,-0.0037979569990727515,0.01011752407465417,-0.00022637312043786222
18.62,187.07601064188162,217.78099246474255,-2.706588279068942,1.5095129643375227,1.0,179.63764281799442,222.0327451419517,-2.9965831260041167,1.3437526260447685,0.14071366410053937,-1.4196312992296551e-05,-0.03299056385674372,-2.554255186283043,-1.7872479433459236e-06,-7.004034468496278e-05,-0.00502932941655841,-0.0037979538251541075,0.010117676527050269,-0.00022638203530242194
18.64,187.07601064188162,217.78099246474255,-2.706588279068942,1.5095129643375227,1.0,179.63763274623088,222.032753103983,-2.996583518665463,1.343752315634191,0.14071366966126192,-1.4196436889136662e-05,-0.03299058630400844,-2.5542550786086915,-1.7905230746481518e-06,-7.004643678618246e-05,-0.005029392761345513,-0.003797950648567714,0.010117829064777338,-0.00022639091303911448
18.66,187.07601064188162,217.78099246474255,-2.706588279068942,1.5095129643375227,1.0,179.63762267458463,222.0327610657368,-2.996583911322237,1.3437520052344332,0.140713675221869,-1.4196560859287933e-05,-0.03299060875090661,-2.5542549709248057,-1.7938081794788936e-06,-7.00525128244792e-05,-0.0050294561402947375,-0.003797947469108006,0.010117981687604034,-0.0002263997539721109
18.68,187.07601064188162,217.78099246474255,-2.706588279068942,1.5095129643375227,1.0,179.63761260305594,222.0327690272136,-2.9965843039744278,1.3437516948454742,0.14071368078236068,-1.4196684902543821e-05,-0.03299063119743808,-2.5542548632314355,-1.797103311937994e-06,-7.005857283839525e-05,-0.0050295195532890635,-0.0037979442867710077,0.010118134395031392,-0.0002264085580803469
18.7,187.07601064188162,217.78099246474255,-2.706588279068942,1.5095129643375227,1.0,179.63760253164517,222.0327769884139,-2.996584696622021,1.343751384467294,0.14071368634273687,-1.4196809018699517e-05,-0.03299065364360273,-2.5542547555286266,-1.8004083652548497e-06,-7.0064616882907e-05,-0.0050295830001839,-0.0037979411015558293,0.010118287186906596,-0.00022641732558906084
18.72,187.07601064188162,217.78099246474255,-2.706588279068942,1.5095129643375227,1.0,179.63759246035258,222.03278494933826,-2.9965850892650066,1.3437510740998726,0.14071369190299782,-1.4196933207199607e-05,-0.032990676089400525,-2.5542546478164243,-1.8037232970337944e-06,-7.00706450109775e-05,-0.005029646480807194,-0.0037979379137083645,0.010118440062687717,-0.00022642605662046304
18.74,187.07601064188162,217.78099246474255,-2.706588279068942,1.5095129643375227,1.0,179.6375823891785,222.03279290998717,-2.9965854819033724,1.3437507637431896,0.1407136974631436,-1.419705746788094e-05,-0.032990698534831206,-2.5542545400948753,-1.8070480886771831e-06,-7.007665739557482e-05,-0.00502970999510224,-0.0037979347228684593,0.010118593022217319,-0.00022643475147963375
18.76,187.07601064188162,217.78099246474255,-2.706588279068942,1.5095129643375227,1.0,179.63757231812323,222.03280087036123,-2.996585874537106,1.3437504533972247,0.14071370302317412,-1.4197181800561265e-05,-0.032990720979894785,-2.5542544323640284,-1.8103826893035163e-06,-7.008265395557145e-05,-0.0050297735428751844,-0.0037979315292265437,0.010118746065175517,-0.00022644341009321714
18.78,187.07601064188162,217.78099246474255,-2.706588279068942,1.5095129643375227,1.0,179.63756224718708,222.03280883046074,-2.996586267166195,1.3437501430619583,0.14071370858308957,-1.4197306204799731e-05,-0.032990743424591115,-2.554254324623927,-1.8137270725001112e-06,-7.008863479940317e-05,-0.005029837124004392,-0.0037979283328015054,0.010118899191145427,-0.00022645203265887813
18.8,187.07601064188162,217.78099246474255,-2.706588279068942,1.5095129643375227,1.0,179.63755217637035,222.03281679028646,-2.99658665979063,1.34374983273737,0.14071371414288997,-1.4197430680214485e-05,-0.03299076586892009,-2.55425421687462,-1.8170812049379424e-06,-7.009460002644128e-05,-0.00502990073837732,-0.0037979251335435843,0.010119052399807857,-0.0002264606193728729
18.82,187.07601064188162,217.78099246474255,-2.706588279068942,1.5095129643375227,1.0,179.63754210567336,222.03282474983874,-2.9965870524103964,1.34374952242344,0.1407137197025754,-1.4197555226666675e-05,-0.03299078831288162,-2.5542541091161506,-1.820445003673809e-06,-7.010054964099046e-05,-0.005029964385818167,-0.003797921931673194,0.010119205690818292,-0.00022646917033865654
18.84,187.07601064188162,217.78099246474255,-2.706588279068942,1.5095129643375227,1.0,179.6375320350963,222.0328327091182,-2.996587445025485,1.3437492121201486,0.1407137252621459,-1.4197679843823055e-05,-0.03299081075647563,-2.5542540013485664,-1.8238184335919207e-06,-7.010648382601732e-05,-0.005030028066250508,-0.0037979187268027065,0.010119359064015707,-0.00022647768589967998
18.86,187.07601064188162,217.78099246474255,-2.706588279068942,1.5095129643375227,1.0,179.63752196463963,222.03284066812523,-2.9965878376358823,1.3437489018274758,0.14071373082160155,-1.4197804531574277e-05,-0.03299083319970192,-2.5542538935719135,-1.8272015217784664e-06,-7.011240245741166e-05,-0.005030091779514127,-0.00379791551913355,0.010119512519012384,-0.00022648616580944248
18.89,187.07601064188162,217.78099246474255,-2.706588279068942,1.5095129643375227,1.0,179.63751189430351,222.0328486268604,-2.9965882302415774,1.343748591545403,0.14071373638094245,-1.4197929289193094e-05,-0.032990855642560386,-2.5542537857862344,-1.8305942081935827e-06,-7.011830574688645e-05,-0.005030155525476564,-0.003797912308817547,0.010119666055209545,-0.00022649461046679755
18.92,187.07601064188162,217.78099246474255,-2.706588279068942,1.5095129643375227,1.0,179.63750182408836,222.0328565853242,-2.996588622842559,1.3437482812739099,0.14071374194016859,-1.41980541167229e-05,-0.032990878085051,-2.5542536779915768,-1.8339964041286065e-06,-7.012419370548462e-05,-0.005030219304014991,-0.0037979090957053025,0.010119819672618695,-0.0002265030200106496
18.94,187.07601064188162,217.78099246474255,-2.706588279068942,1.5095129643375227,1.0,179.6374917539944,222.03286454351712,-2.9965890154388157,1.3437479710129772,0.1407137474992801,-1.4198179013674237e-05,-0.03299090052717361,-2.554253570187984,-1.8374080999875898e-06,-7.013006637334213e-05,-0.005030283114987945,-0.003797905879861905,0.010119973370811849,-0.00022651139450652037
18.96,187.07601064188162,217.78099246474255,-2.706588279068942,1.5095129643375227,1.0,179.63748168402185,222.03287250143973,-2.9965894080303364,1.3437476607625851,0.14071375305827702,-1.4198303980001976e-05,-0.03299092296892815,-2.5542534623755007,-1.8408292879733843e-06,-7.013592383860745e-05,-0.005030346958295693,-0.0037979026611628212,0.010120127149493764,-0.00022651973410150398
18.98,187.07601064188162,217.78099246474255,-2.706588279068942,1.5095129643375227,1.0,179.6374716141712,222.03288045909235,-2.9965898006171074,1.3437473505227153,0.14071375861715932,-1.4198429015339892e-05,-0.03299094541031446,-2.5542533545541724,-1.8442598805197509e-06,-7.014176611495589e-05,-0.005030410833775839,-0.003797899439727025,0.010120281008410885,-0.00022652803892458926
19.0,187.07601064188162,217.78099246474255,-2.706588279068942,1.5095129643375227,1.0,179.6374615444426,222.0328884164756,-2.9965901931991192,1.343747040293349,0.14071376417592724,-1.4198554119238448e-05,-0.03299096785133235,-2.5542532467240426,-1.8476998942055503e-06,-7.014759336666345e-05,-0.005030474741336142,-0.0037978962155406633,0.010120434947028994,-0.00022653630920358827
19.02,187.07601064188162,217.78099246474255,-2.706588279068942,1.5095129643375227,1.0,179.63745147483638,222.03289637358998,-2.99659058577636,1.343746730074465,0.14071376973458066,-1.419867929158656e-05,-0.032990990291981916,-2.5542531388851564,-1.8511492152965651e-06,-7.015340555721974e-05,-0.005030538680807313,-0.003797892988684797,0.010120588965254302,-0.00022654454502682043
19.04,187.07601064188162,217.78099246474255,-2.706588279068942,1.5095129643375227,1.0,179.6374414053528,222.03290433043594,-2.996590978348819,1.3437464198660456,0.14071377529311982,-1.4198804532040567e-05,-0.032991012732262896,-2.5542530310375575,-1.854607896756939e-06,-7.015920274283712e-05,-0.005030602652100105,-0.0037978897590624444,0.010120743062685726,-0.00022655274640727944
19.06,187.07601064188162,217.78099246474255,-2.706588279068942,1.5095129643375227,1.0,179.63743133599218,222.03291228701397,-2.9965913709164846,1.3437461096680716,0.14071378085154465,-1.4198929840218621e-05,-0.03299103517217521,-2.55425292318129,-1.8580758136038569e-06,-7.016498508786539e-05,-0.005030666655067375,-0.003797886526653143,0.010120897239047116,-0.0002265609137658885
19.08,187.07601064188162,217.78099246474255,-2.706588279068942,1.5095129643375227,1.0,179.63742126675479,222.0329202433246,-2.996591763479346,1.3437457994805229,0.14071378640985527,-1.4199055216224863e-05,-0.03299105761171889,-2.5542528153163984,-1.8615529936353951e-06,-7.017075254773153e-05,-0.00503073068959435,-0.003797883291491885,0.01012105149402998,-0.00022656904698747593
19.1,187.07601064188162,217.78099246474255,-2.706588279068942,1.5095129643375227,1.0,179.6374111976409,222.03292819936826,-2.9965921560373916,1.3437454893033822,0.14071379196805173,-1.4199180659240057e-05,-0.03299108005089369,-2.5542527074429247,-1.865039367182999e-06,-7.017650519398495e-05,-0.00503079475554315,-0.0037978800536990404,0.010121205827296803,-0.0002265771462674672
19.12,187.07601064188162,217.78099246474255,-2.706588279068942,1.5095129643375227,1.0,179.63740112865082,222.03293615514545,-2.996592548590611,1.34374517913663,0.1407137975261341,-1.419930616933016e-05,-0.032991102489699484,-2.5542525995609124,-1.8685349215696347e-06,-7.018224312216789e-05,-0.005030858852801305,-0.0037978768131474968,0.010121360238523612,-0.0002265852117705931
19.14,187.07601064188162,217.78099246474255,-2.706588279068942,1.5095129643375227,1.0,179.63739105978485,222.03294411065662,-2.9965929411389918,1.3437448689802478,0.1407138030841024,-1.4199431746135888e-05,-0.03299112492813632,-2.5542524916704057,-1.8720395741345357e-06,-7.018796638537243e-05,-0.005030922981231415,-0.003797873569882779,0.010121514727484278,-0.00022659324368446465
19.16,187.07601064188162,217.78099246474255,-2.706588279068942,1.5095129643375227,1.0,179.63738099104324,222.03295206590235,-2.9965933336825246,1.3437445588342172,0.14071380864195673,-1.4199557389476731e-05,-0.03299114736620401,-2.5542523837714475,-1.8755533366656904e-06,-7.019367505363134e-05,-0.005030987140727638,-0.003797870323805707,0.010121669293828902,-0.00022660124209967014
19.18,187.07601064188162,217.78099246474255,-2.706588279068942,1.5095129643375227,1.0,179.6373709224263,222.032960020883,-2.996593726221197,1.3437442486985187,0.14071381419969714,-1.4199683098830253e-05,-0.032991169803902376,-2.5542522758640804,-1.8790761576818185e-06,-7.01993691604646e-05,-0.005031051331152739,-0.003797867075161721,0.01012182393715947,-0.00022660920712264552
19.2,187.07601064188162,217.78099246474255,-2.706588279068942,1.5095129643375227,1.0,179.63736085393424,222.03296797559912,-2.9965941187550005,1.3437439385731342,0.14071381975732367,-1.419980887429018e-05,-0.0329911922412315,-2.5542521679483485,-1.8826079905388078e-06,-7.020504876374063e-05,-0.0050311155524030236,-0.0037978638236556457,0.010121978657428553,-0.00022661713891349432
19.22,187.07601064188162,217.78099246474255,-2.706588279068942,1.5095129643375227,1.0,179.6373507855674,222.03297593005112,-2.9965945112839214,1.3437436284580464,0.14071382531483642,-1.4199934715035545e-05,-0.03299121467819119,-2.5542520600242913,-1.8861488167081853e-06,-7.021071386923767e-05,-0.005031179804295205,-0.003797860569752742,0.010122133453947873,-0.00022662503747915261
19.24,187.07601064188162,217.78099246474255,-2.706588279068942,1.5095129643375227,1.0,179.63734071732608,222.0329838842395,-2.9965949038079494,1.3437433183532357,0.14071383087223543,-1.420006062133537e-05,-0.0329912371147812,-2.5542519520919527,-1.8896986005451782e-06,-7.021636462338295e-05,-0.005031244086789926,-0.003797857313005057,0.01012228832674516,-0.0002266329031113309
19.26,187.07601064188162,217.78099246474255,-2.706588279068942,1.5095129643375227,1.0,179.63733064921055,222.03299183816475,-2.996595296327074,1.343743008258685,0.14071383642952073,-1.420018659266202e-05,-0.03299125955100157,-2.554251844151374,-1.893257260424542e-06,-7.02220010370004e-05,-0.005031308399714515,-0.0037978540535610625,0.010122443275512217,-0.00022664073592473533
19.28,187.07601064188162,217.78099246474255,-2.706588279068942,1.5095129643375227,1.0,179.63732058122102,222.0329997918273,-2.996595688841285,1.343742698174374,0.14071384198669246,-1.4200312628775965e-05,-0.03299128198685227,-2.554251736202599,-1.8968248249982703e-06,-7.022762322880563e-05,-0.005031372742965629,-0.0037978507914863515,0.010122598299681136,-0.0002266485360560729
19.3,187.07601064188162,217.78099246474255,-2.706588279068942,1.5095129643375227,1.0,179.63731051335785,222.03300774522765,-2.996596081350571,1.3437423881002868,0.14071384754375055,-1.4200438729451572e-05,-0.03299130442233311,-2.554251628245668,-1.9004011970876963e-06,-7.023323114527686e-05,-0.005031437116402172,-0.0037978475267845613,0.010122753399256341,-0.00022665630354882414
19.32,187.07601064188162,217.78099246474255,-2.706588279068942,1.5095129643375227,1.0,179.63730044562124,222.0330156983662,-2.996596473854922,1.3437420780364044,0.14071385310069517,-1.4200564894369479e-05,-0.032991326857443874,-2.5542515202806237,-1.9039864333188564e-06,-7.023882497885652e-05,-0.005031501519958774,-0.0037978442592859546,0.010122908573706138,-0.00022666403862660616
19.34,187.07601064188162,217.78099246474255,-2.706588279068942,1.5095129643375227,1.0,179.63729037801153,222.03302365124355,-2.9965968663543263,1.3437417679827088,0.14071385865752636,-1.4200691123281483e-05,-0.03299134929218466,-2.554251412307506,-1.9075804035147397e-06,-7.024440461581672e-05,-0.005031565953440707,-0.0037978409892835095,0.010123063822919292,-0.0002266717412710504
19.37,187.07601064188162,217.78099246474255,-2.706588279068942,1.5095129643375227,1.0,179.63728031052895,222.03303160386,-2.9965972588487753,1.3437414579391822,0.14071386421424412,-1.4200817416189321e-05,-0.03299137172655535,-2.55425130432636,-1.9111831189672036e-06,-7.024997029578497e-05,-0.005031630416795718,-0.0037978377164307785,0.010123219146549593,-0.00022667941184918464
19.39,187.07601064188162,217.78099246474255,-2.706588279068942,1.5095129643375227,1.0,179.6372702431737,222.03303955621607,-2.996597651338257,1.3437411479058061,0.14071386977084854,-1.4200943772395258e-05,-0.03299139416055574,-2.5542511963372236,-1.9147945043475074e-06,-7.025552196457405e-05,-0.005031694909860119,-0.003797834441044757,0.010123374544299998,-0.00022668705036003623
19.41,187.07601064188162,217.78099246474255,-2.706588279068942,1.5095129643375227,1.0,179.63726017594618,222.03304750831225,-2.996598043822761,1.3437408378825635,0.1407138753273397,-1.420107019189408e-05,-0.032991416594185814,-2.55425108834014,-1.9184145772386998e-06,-7.026105969802906e-05,-0.00503175943254131,-0.0037978311629157956,0.010123530015893336,-0.0002266946569001733
19.43,187.07601064188162,217.78099246474255,-2.706588279068942,1.5095129643375227,1.0,179.6372501088466,222.03305546014894,-2.996598436302277,1.3437405278694368,0.1407138808837177,-1.4201196674229313e-05,-0.032991439027445495,-2.5542509803351474,-1.922043272044381e-06,-7.02665835527836e-05,-0.005031823984703493,-0.003797827882274303,0.010123685560944996,-0.0002267022316320972
19.45,187.07601064188162,217.78099246474255,-2.706588279068942,1.5095129643375227,1.0,179.6372400418752,222.03306341172663,-2.996598828776795,1.343740217866408,0.14071388643998242,-1.420132321931764e-05,-0.03299146146033456,-2.5542508723222888,-1.925680576404863e-06,-7.027209354536703e-05,-0.005031888566231456,-0.0037978245990188736,0.010123841179237366,-0.00022670977459626827
19.47,187.07601064188162,217.78099246474255,-2.706588279068942,1.5095129643375227,1.0,179.6372299750323,222.03307136304576,-2.996599221246303,1.3437399078734593,0.14071389199613413,-1.4201449826837967e-05,-0.03299148389285301,-2.554250764301604,-1.929326439588158e-06,-7.027758981051509e-05,-0.005031953177023388,-0.0037978213130970264,0.010123996870469045,-0.00022671728606863195
19.49,187.07601064188162,217.78099246474255,-2.706588279068942,1.5095129643375227,1.0,179.6372199083182,222.03307931410677,-2.9965996137107913,1.343739597890574,0.1407138975521727,-1.4201576496404972e-05,-0.03299150632500072,-2.554250656273132,-1.9329808088387225e-06,-7.028307240725056e-05,-0.005032017816944965,-0.0037978180245541223,0.01012415263432966,-0.00022672476620483
19.51,187.07601064188162,217.78099246474255,-2.706588279068942,1.5095129643375227,1.0,179.63720984173304,222.03308726491014,-2.996600006170252,1.343739287917734,0.1407139031080984,-1.420170322812974e-05,-0.03299152875677765,-2.554250548236915,-1.936643713599585e-06,-7.028854125921903e-05,-0.005032082485904682,-0.0037978147333163027,0.010124308470680665,-0.00022673221484348263
19.53,187.07601064188162,217.78099246474255,-2.706588279068942,1.5095129643375227,1.0,179.63719977527717,222.03309521545629,-2.9966003986246723,1.3437389779549214,0.1407139086639111,-1.4201830021505457e-05,-0.032991551188183636,-2.5542504401929933,-1.940315041371976e-06,-7.029399661998386e-05,-0.005032147183777428,-0.003797811439449463,0.010124464379068662,-0.00022673963252468977
19.55,187.07601064188162,217.78099246474255,-2.706588279068942,1.5095129643375227,1.0,179.63718970895076,222.03310316574564,-2.996600791074044,1.3437386680021195,0.1407139142196109,-1.4201956876172837e-05,-0.03299157361921868,-2.5542503321414056,-1.9439948170050505e-06,-7.029943833126534e-05,-0.005032211910427388,-0.003797808143056345,0.010124620359286948,-0.0002267470189570269
19.57,187.07601064188162,217.78099246474255,-2.706588279068942,1.5095129643375227,1.0,179.6371796427542,222.03311111577864,-2.9966011835183552,1.343738358059312,0.14071391977519793,-1.4202083791968729e-05,-0.03299159604988258,-2.5542502240821907,-1.947682944876839e-06,-7.03048665566356e-05,-0.005032276665738444,-0.0037978048441921226,0.010124776411011602,-0.0002267543745183864
19.59,187.07601064188162,217.78099246474255,-2.706588279068942,1.5095129643375227,1.0,179.63716957668765,222.03311906555578,-2.996601575957596,1.3437380481264807,0.14071392533067217,-1.4202210768750808e-05,-0.03299161848017534,-2.5542501160153903,-1.95137943373707e-06,-7.031028137985163e-05,-0.005032341449629261,-0.003797801542537179,0.010124932534070053,-0.00022676169933464547
19.61,187.07601064188162,217.78099246474255,-2.706588279068942,1.5095129643375227,1.0,179.63715951075145,222.03312701507747,-2.996601968391757,1.3437377382036078,0.14071393088603368,-1.4202337806270873e-05,-0.03299164091009681,-2.554250007941044,-1.9550842646921113e-06,-7.031568280324588e-05,-0.005032406261979772,-0.003797798238357377,0.010125088728055709,-0.00022676899341889816
19.63,187.07601064188162,217.78099246474255,-2.706588279068942,1.5095129643375227,1.0,179.63714944494575,222.03313496434416,-2.996602360820828,1.343737428290677,0.14071393644128258,-1.420246490415402e-05,-0.032991663339646864,-2.55424989985919,-1.958797371721531e-06,-7.032107092530711e-05,-0.005032471102667873,-0.003797794931525656,0.010125244992762922,-0.00022677625701369823
19.65,187.07601064188162,217.78099246474255,-2.706588279068942,1.5095129643375227,1.0,179.63713937927093,222.03314291335622,-2.9966027532447983,1.3437371183876723,0.14071394199641882,-1.4202592062146843e-05,-0.032991685768825475,-2.554249791769868,-1.962518755330785e-06,-7.032644571481261e-05,-0.0050325359715646225,-0.0037977916222248914,0.010125401327813614,-0.00022678349005591164
19.67,187.07601064188162,217.78099246474255,-2.706588279068942,1.5095129643375227,1.0,179.63712931372717,222.03315086211413,-2.996603145663658,1.343736808494576,0.1407139475514425,-1.4202719280136522e-05,-0.03299170819763249,-2.5542496836731168,-1.966248328144236e-06,-7.033180730001804e-05,-0.005032600868587768,-0.003797788310260794,0.010125557733150912,-0.00022679069286856
19.69,187.07601064188162,217.78099246474255,-2.706588279068942,1.5095129643375227,1.0,179.63711924831475,222.03315881061835,-2.996603538077398,1.3437364986113707,0.14071395310635376,-1.4202846557687404e-05,-0.03299173062606785,-2.5542495755689747,-1.9699861165301154e-06,-7.033715571586958e-05,-0.005032665793607281,-0.0037977849957767447,0.010125714208237963,-0.00022679786545698824
19.71,187.07601064188162,217.78099246474255,-2.706588279068942,1.5095129643375227,1.0,179.63710918303389,222.03316675886927,-2.9966039304860086,1.3437361887380397,0.14071395866115252,-1.4202973894714443e-05,-0.03299175305413148,-2.5542494674574825,-1.9737320613511574e-06,-7.034249099544942e-05,-0.005032730746516089,-0.0037977816786449905,0.010125870752994882,-0.00022680500795348537
19.73,187.07601064188162,217.78099246474255,-2.706588279068942,1.5095129643375227,1.0,179.6370991178849,222.03317470686736,-2.9966043228894788,1.3437358788745668,0.14071396421583893,-1.420310129083232e-05,-0.03299177548182337,-2.5542493593386753,-1.977486147534892e-06,-7.034781314760807e-05,-0.005032795727174102,-0.003797778359199081,0.01012602736690371,-0.00022681212037232147
19.75,187.07601064188162,217.78099246474255,-2.706588279068942,1.5095129643375227,1.0,179.63708905286794,222.03318265461297,-2.9966047152877993,1.3437355690209356,0.140713969770413,-1.4203228746001115e-05,-0.032991797909143236,-2.5542492512125934,-1.9812483244829046e-06,-7.035312232937403e-05,-0.005032860735543148,-0.003797775036928259,0.010126184050056471,-0.00022681920304484262
19.77,187.07601064188162,217.78099246474255,-2.706588279068942,1.5095129643375227,1.0,179.6370789879834,222.0331906021066,-2.99660510768096,1.34373525917713,0.14071397532487478,-1.4203356259658472e-05,-0.03299182033609111,-2.554249143079274,-1.9850185140271462e-06,-7.035841861500252e-05,-0.005032925771445233,-0.003797771712199238,0.010126340801888692,-0.0002268262561708487
19.79,187.07601064188162,217.78099246474255,-2.706588279068942,1.5095129643375227,1.0,179.6370689232314,222.0331985493486,-2.996605500068952,1.3437349493431325,0.14071398087922435,-1.4203483831839105e-05,-0.03299184276266689,-2.5542490349387563,-1.9887967726422984e-06,-7.036370189774787e-05,-0.005032990834794158,-0.003797768384928959,0.010126497622255435,-0.0002268332795050167
19.81,187.07601064188162,217.78099246474255,-2.706588279068942,1.5095129643375227,1.0,179.63705885861222,222.03320649633955,-2.9966058924517656,1.3437346395189267,0.14071398643346172,-1.4203611462326052e-05,-0.03299186518887045,-2.5542489267910793,-1.9925829878807665e-06,-7.036897239384119e-05,-0.005033055925488223,-0.00379776505512185,0.010126654510858821,-0.00022684027353300274
19.83,187.07601064188162,217.78099246474255,-2.706588279068942,1.5095129643375227,1.0,179.63704879412614,222.0332144430797,-2.9966062848293897,1.3437343297044964,0.140713991987587,-1.4203739150770448e-05,-0.03299188761470178,-2.554248818636279,-1.9963771642948986e-06,-7.037423001951624e-05,-0.0050331210434025235,-0.0037977617228370166,0.010126811467479254,-0.0002268472381094359
19.85,187.07601064188162,217.78099246474255,-2.706588279068942,1.5095129643375227,1.0,179.63703872977342,222.0332223895695,-2.9966066772018163,1.3437340198998253,0.1407139975416002,-1.4203866896943181e-05,-0.032991910040160666,-2.554248710474394,-2.0001793219335444e-06,-7.037947489492316e-05,-0.005033186188466142,-0.0037977583878686934,0.010126968491811713,-0.00022685417339730015
19.87,187.07601064188162,217.78099246474255,-2.706588279068942,1.5095129643375227,1.0,179.63702866555425,222.0332303358094,-2.996607069569035,1.3437337101048967,0.1407140030955014,-1.4203994700483235e-05,-0.03299193246524714,-2.5542486023054605,-2.0039893623203554e-06,-7.038470705131113e-05,-0.005033251360512303,-0.003797755050500614,0.010127125583495234,-0.00022686107956143575
19.9,187.07601064188162,217.78099246474255,-2.706588279068942,1.5095129643375227,1.0,179.6370186014689,222.0332382817998,-2.996607461931037,1.3437334003196955,0.14071400864929062,-1.4204122561345484e-05,-0.032991954889961074,-2.554248494129517,-2.007807252625473e-06,-7.038992658088691e-05,-0.005033316559472705,-0.0037977517106120326,0.010127282742372436,-0.00022686795679139598
19.92,187.07601064188162,217.78099246474255,-2.706588279068942,1.5095129643375227,1.0,179.63700853751763,222.03324622754113,-2.996607854287812,1.3437330905442046,0.14071401420296797,-1.4204250479135929e-05,-0.032991977314302354,-2.5542483859466008,-2.011632998751619e-06,-7.039513348466994e-05,-0.005033381785241114,-0.0037977483681766017,0.01012743996817819,-0.00022687480507589203
19.94,187.07601064188162,217.78099246474255,-2.706588279068942,1.5095129643375227,1.0,179.63699847370066,222.03325417303384,-2.996608246639351,1.3437327807784085,0.14071401975653344,-1.4204378453731337e-05,-0.03299199973827094,-2.5542482777567486,-2.0154665232935886e-06,-7.040032782372937e-05,-0.0050334470376911305,-0.003797745023220706,0.010127597260697525,-0.00022688162460901353
19.96,187.07601064188162,217.78099246474255,-2.706588279068942,1.5095129643375227,1.0,179.6369884100182,222.03326211827823,-2.9966086389856446,1.3437324710222909,0.14071402530998708,-1.4204506484841855e-05,-0.03299202216186676,-2.5542481695599966,-2.0193078259302414e-06,-7.040550964851927e-05,-0.0050335123167153575,-0.0037977416758451527,0.010127754619523243,-0.000226888415459914
19.98,187.07601064188162,217.78099246474255,-2.706588279068942,1.5095129643375227,1.0,179.63697834647058,222.03327006327478,-2.9966090313266824,1.3437321612758364,0.14071403086332898,-1.4204634572417145e-05,-0.032992044585089655,-2.5542480613563825,-2.0231568474465746e-06,-7.041067903207875e-05,-0.005033577622225631,-0.0037977383259250827,0.010127912044555293,-0.00022689517782394796
20.0,187.07601064188162,217.78099246474255,-2.706588279068942,1.5095129643375227,1.0,179.63696828305797,222.03327800802396,-2.996609423662457,1.3437318515390282,0.14071403641655922,-1.4204762715962541e-05,-0.03299206700793958,-2.5542479531459428,-2.0270136143011328e-06,-7.041583599412524e-05,-0.005033642954115061,-0.0037977349734973943,0.010128069535401891,-0.00022690191168801672
