Time,IRIP_X,IRIP_Y,IP_X,IP_Y,IP_Z,IRCP_X,IRCP_Y,CP_X,CP_Y,CP_Z,OE_A,OE_B,OE_G,TLV_X,TLV_Y,TLV_Z,TAV_X,TAV_Y,TAV_Z
21.06,279.16266540787063,278.58635752495735,0.8835347137571397,-0.8610665701737759,1.0,78.61963972805727,196.34249826427288,-6.934906833214142,2.3453217050965733,0.4798281064201595,0.06342795242583897,-0.02828153221606838,-2.423535747940782,0.028186160586248975,0.02358268977697248,-0.017575499588449065,-0.011152363777854552,0.03916502619861352,0.00961968902583307
0.0,76.98407703823126,195.58132378194418,-6.998671460497807,2.3749971235109477,1.0,78.63445026314336,196.32997285755113,-6.934329424438856,2.3458100250467404,0.4797745093890128,0.0633533887207425,-0.028396550266667105,-2.423545978480609,0.02858280685486105,0.023924739732985034,-0.017728953050960408,-0.011151469419540587,0.03965295141140956,0.00967599048532347
0.0,76.98407703823126,195.58132378194418,-6.998671460497807,2.3749971235109477,1.0,78.64938408892083,196.31732375575353,-6.933747209008935,2.3463031674170165,0.4797203673276694,0.06328377037927774,-0.028504135145227018,-2.4235561929864304,0.028342466862566057,0.024130832630719384,-0.017569637371165476,-0.01082654836720616,0.043034459153126606,0.010028591339289674
0.0,76.98407703823126,195.58132378194418,-6.998671460497807,2.3749971235109477,1.0,78.6643252114556,196.30467693179241,-6.933164709105045,2.3467962209827515,0.4796663211697586,0.06321348626924243,-0.028612353672699514,-2.4235668229928593,0.028026818598082127,0.024486532973735108,-0.01763229807792883,-0.009618165830530184,0.04233595476726711,0.010412897645212528
0.0,76.98407703823126,195.58132378194418,-6.998671460497807,2.3749971235109477,1.0,78.67921645017577,196.29208656459053,-6.932584153989248,2.347287073505242,0.479612527917333,0.06314381108302394,-0.028721361367449495,-2.423577846697297,0.028132686094594506,0.024996565610458724,-0.018258400702774923,-0.007999147240464232,0.03183410287517429,0.010549835664504327
0.0,76.98407703823126,195.58132378194418,-6.998671460497807,2.3749971235109477,1.0,78.69401497209527,196.27958477196339,-6.932007213563537,2.3477744728279375,0.4795597565665312,0.06306930020482862,-0.028838865882322314,-2.4235889859708606,0.028998019176744928,0.025278322853073566,-0.019347931675988188,-0.008393841073768582,0.010812514037731875,0.010189398933344754
0.0,76.98407703823126,195.58132378194418,-6.998671460497807,2.3749971235109477,1.0,78.70869777615037,196.26716674930836,-6.931434784555541,2.3482586062647814,0.47950801793678943,0.06298919071974142,-0.028961975352135405,-2.4235996145967613,0.028710577891644804,0.024398922533695765,-0.018873040757499803,-0.009365836262936217,0.019828733843854866,0.00959909936184967
0.0,76.98407703823126,195.58132378194418,-6.998671460497807,2.3749971235109477,1.0,78.72327715787674,196.2548198182531,-6.930866387607145,2.3487399680992933,0.47945629394268663,0.06291493194522339,-0.02907676609183892,-2.423609910890459,0.02826411286163061,0.02363867670878008,-0.01831486000934844,-0.01028373304241826,0.029273663409342933,0.009266920164416888
0.0,76.98407703823126,195.58132378194418,-6.998671460497807,2.3749971235109477,1.0,78.73775556721291,196.2425485934772,-6.930301927204175,2.3492183784219414,0.47940440872934403,0.06284661591531439,-0.029182906074508932,-2.42362005123674,0.02759644953361568,0.02309409480872333,-0.017690520867573195,-0.010640483208467734,0.03949482810118785,0.009247041120057089
0.0,76.98407703823126,195.58132378194418,-6.998671460497807,2.3749971235109477,1.0,78.75213264679144,196.23036632642118,-6.929741417279086,2.349693320607361,0.47935262765297926,0.06278006287730564,-0.02928594221855484,-2.4236302780389654,0.027057697388671535,0.023022009493027764,-0.017432944132377705,-0.010367559435104198,0.042626560332701416,0.009507255225464108
0.01,76.98407703823126,195.58132378194418,-6.998671460497807,2.3749971235109477,1.0,78.76640951713918,196.21827952465617,-6.929184814146621,2.350164540949077,0.47930110228696704,0.06271323119437537,-0.029388783563735806,-2.423640711192055,0.0265926535031646,0.023248827893661537,-0.01744776330626164,-0.00915072895886934,0.04192178495931631,0.009840269040436295
0.03,76.98407703823126,195.58132378194418,-6.998671460497807,2.3749971235109477,1.0,78.78058932419353,196.20629070563697,-6.928631995158147,2.3506319413007035,0.4792498993204389,0.06264715684270936,-0.029492157994569643,-2.423651439323827,0.02663469151145982,0.02370454006809529,-0.01805420340394995,-0.007528486820682847,0.031467054687465454,0.009969073168353665
0.05,76.98407703823126,195.58132378194418,-6.998671460497807,2.3749971235109477,1.0,78.79466039311816,196.19440476576762,-6.928083415472976,2.3510953307692932,0.47919973567869784,0.06257635116820114,-0.029603975580109285,-2.4236622464760016,0.027493818131066165,0.023975869483819513,-0.019139884973596775,-0.007998179240044928,0.010317567124974517,0.009668865026587346
0.07,76.98407703823126,195.58132378194418,-6.998671460497807,2.3749971235109477,1.0,78.80861519284117,196.18260337778494,-6.927539368700149,2.351555423868034,0.47915059969187906,0.062499775187355895,-0.02972159701908388,-2.4236725724200205,0.027222828839920447,0.023112210191276947,-0.01865514877143726,-0.00900269960440838,0.019302341380242703,0.009106608758243408
0.09,76.98407703823126,195.58132378194418,-6.998671460497807,2.3749971235109477,1.0,78.81929801022119,196.1742141841604,-6.927122884591767,2.3518824879469626,0.4790705447737846,0.06235500806909364,-0.02989882168638695,-2.423675933920389,0.004781604861836181,0.0009430412361538591,-0.027951760992784642,-0.001569413642060832,0.03678321986046092,0.016580791862701633
0.11,76.98407703823126,195.58132378194418,-6.998671460497807,2.3749971235109477,1.0,78.81234113685186,196.1799036117735,-6.927394107725074,2.3516606779035665,0.4791112457462662,0.0624199547541561,-0.029823440257110114,-2.4236751629633804,-0.024704977586863856,-0.021159298616293294,-0.019517503382270134,-0.004358238330609356,0.016657164596892975,0.01417669517009561
0.13,76.98407703823126,195.58132378194418,-6.998671460497807,2.3749971235109477,1.0,78.79531411943968,196.19405460112455,-6.9280579290666795,2.3511089824122986,0.47918487252087877,0.06255114279254559,-0.029632835975772258,-2.423671877877762,-0.03974482647342143,-0.03283989665808061,-0.01392801432411655,-0.005280751874713214,0.030766713138286432,0.013158761828259084
0.15,76.98407703823126,195.58132378194418,-6.998671460497807,2.3749971235109477,1.0,78.77355298259866,196.21237365111386,-6.928906316467889,2.350394789430259,0.4792690423036606,0.06267597737030883,-0.029445349759078317,-2.4236650801038664,-0.046150607506097396,-0.03756631831708079,-0.012330127555429745,-0.004137797597768089,0.020377623946827128,0.012630810046067076
0.17,76.98407703823126,195.58132378194418,-6.998671460497807,2.3749971235109477,1.0,78.74958077135491,196.2326635441903,-6.929840905600198,2.3496037604604174,0.47935825538092736,0.06279613180116347,-0.02926288340015303,-2.423657322149899,-0.04875343096902328,-0.04009219641452502,-0.011575737273976181,-0.004942103362472163,0.015054844241164302,0.011982607757411801
0.19,76.98407703823126,195.58132378194418,-6.998671460497807,2.3749971235109477,1.0,78.72151037542078,196.257058463422,-6.930935268014784,2.348652691484523,0.47941633957449037,0.06284551976221897,-0.029139407980879453,-2.4236333450549705,-0.07051946552662292,-0.06179406373309151,-0.022129113731669894,0.0018279910991558833,0.006876582825344681,0.020216600718385856
0.21,76.98407703823126,195.58132378194418,-6.998671460497807,2.3749971235109477,1.0,78.67598728008419,196.29543405462098,-6.932710047560071,2.3471565670713073,0.4795934730654593,0.0631098642714667,-0.02875659998815878,-2.423614134530891,-0.09954311041029994,-0.0823543289780647,-0.014196475317894499,0.00029189574037865023,-0.023859361204329865,0.01824042397084283
0.23,76.98407703823126,195.58132378194418,-6.998671460497807,2.3749971235109477,1.0,78.62039714376311,196.34224839321845,-6.9348773043367204,2.34533144665815,0.4798100740066115,0.06339069441746005,-0.028331345422366965,-2.4235903193835595,-0.11374988104072396,-0.09688121568580836,-0.007711487623322472,-0.005601094005525565,0.008688146906721659,0.01470279616913763
0.25,76.98407703823126,195.58132378194418,-6.998671460497807,2.3749971235109477,1.0,78.56018695925364,196.3931342866184,-6.937224679951125,2.343347591164975,0.4800312745298674,0.0637140826074047,-0.027838504694571223,-2.4235658351603186,-0.12072439409620718,-0.10142677040638033,-0.0053847662216683035,-0.004420476004308104,0.006817069963711453,0.015301369064655554
0.27,76.98407703823126,195.58132378194418,-6.998671460497807,2.3749971235109477,1.0,78.49797004807834,196.44652152265635,-6.939650290523262,2.3412662174402983,0.480263835198729,0.06383957855237544,-0.027612844143039467,-2.4235576455521897,-0.12132825489168127,-0.10562258481444406,-0.004229070683327827,-0.008637713670454981,0.020514149066882197,0.010319396150507958
0.29,76.98407703823126,195.58132378194418,-6.998671460497807,2.3749971235109477,1.0,78.43306604477186,196.50356452016848,-6.942180661022539,2.3390423189018135,0.4804525587942615,0.06372681882882542,-0.027653537215302566,-2.423514208463442,-0.1392688497140461,-0.12491806592791369,-0.01490881289335241,-0.0039442102953529175,0.041984364457190254,0.02395365454377134
0.31,76.98407703823126,195.58132378194418,-6.998671460497807,2.3749971235109477,1.0,78.35319160300585,196.572869146272,-6.9452946743467505,2.3363403841609354,0.48075518631374975,0.0637440766045287,-0.02755756910119377,-2.423504759067908,-0.16472087086938061,-0.14388457220019962,-0.007223807306263376,-0.00707067366788226,0.030447337165324852,0.01891303376985676
0.33,76.98407703823126,195.58132378194418,-6.998671460497807,2.3749971235109477,1.0,78.26452731045708,196.6496328824425,-6.948751371912005,2.333347645908675,0.4810913087275639,0.06379769821777409,-0.027399227201551017,-2.423512891305198,-0.17786222728643422,-0.15306239494401197,-0.0027081559792437124,-0.005851697188396976,0.02482529801690323,0.0184504503244143
0.35,76.98407703823126,195.58132378194418,-6.998671460497807,2.3749971235109477,1.0,78.17149593054845,196.730344398768,-6.952378326294408,2.3302009980987126,0.48143838266020866,0.06381022610071996,-0.027289080576039574,-2.4235117281301988,-0.18228474653067625,-0.15767040169808916,-0.0014768026971926542,-0.007243215524844726,-0.002728544196368761,0.017923627997326764
0.37,76.98407703823126,195.58132378194418,-6.998671460497807,2.3749971235109477,1.0,78.07636434975564,196.81297296254237,-6.956087159853581,2.3269796115967885,0.48178990694344154,0.0637956358429077,-0.027205895725533127,-2.4235015211201834,-0.18499692449435787,-0.1612588568463298,0.00026666995856379803,-0.009474372317593061,0.006325241529664348,0.016713607772177678
0.39,76.98407703823126,195.58132378194418,-6.998671460497807,2.3749971235109477,1.0,77.9741938032737,196.90005073164053,-6.960070417026366,2.32358476679764,0.4809301795374848,0.0639343904700282,-0.03195322028334218,-2.42343691070961,-0.20343731359765674,-0.17549827195835488,-0.10170397791514592,-0.30109096493633564,0.32938779895746634,0.005855807672617133
0.41,76.98407703823126,195.58132378194418,-6.998671460497807,2.3749971235109477,1.0,77.87099380280034,196.99232604022404,-6.964093808857687,2.319987288880154,0.4777064466168776,0.06400446506794338,-0.04585892022704356,-2.4238135858743752,-0.19465814076608873,-0.1832125644654998,-0.2184463576262144,-0.6032555719982008,0.649375937787907,-0.03914938227867758
0.43,76.98407703823126,195.58132378194418,-6.998671460497807,2.3749971235109477,1.0,77.80626394974506,197.0511863367717,-6.966617389873487,2.3176925404767363,0.47964048491786265,0.06010790987147842,-0.04078688617356581,-2.4251302903110212,-0.12580334919804903,-0.11598497628727618,-0.033295730622877204,-0.028029148871263843,-0.11829948726541328,-0.020819531384928286
0.45,76.98407703823126,195.58132378194418,-6.998671460497807,2.3749971235109477,1.0,77.7444968630357,197.12324955656982,-6.969025463429407,2.3148830582233995,0.48233927774527474,0.06176435670165939,-0.030294926716019552,-2.4261855958431413,-0.13597129928917162,-0.13480837240442553,-0.03691074214786553,0.025051354299891512,-0.3419482475349661,0.1567488262664242
0.47,76.98407703823126,195.58132378194418,-6.998671460497807,2.3749971235109477,1.0,77.65377585844828,197.19490609445123,-6.972562344699872,2.3120894310155466,0.48254126426369337,0.06314983418223023,-0.029108329535682934,-2.4241622937108187,-0.1840143208520911,-0.14545759006026593,-0.031950734148424365,0.003347094528712853,0.10770985764009691,0.10325128882138623
0.49,76.98407703823126,195.58132378194418,-6.998671460497807,2.3749971235109477,1.0,77.56126017115206,197.2797791005189,-6.976169194107133,2.3087805418901013,0.4827146658662408,0.06313984192956237,-0.02978541275600997,-2.4239429614386685,-0.17236462728062926,-0.17785728009272403,-0.030448207465230515,-0.008990166561067006,0.02267416856294009,-0.0023293729644573652
0.51,76.98407703823126,195.58132378194418,-6.998671460497807,2.3749971235109477,1.0,77.4684495996421,197.36714682985863,-6.979787539974967,2.305374392598104,0.4828873742012122,0.06356554445829114,-0.029903225966562322,-2.4232685947954344,-0.1775397877542404,-0.16987012985317446,-0.02802776704230579,0.0014464887583903602,-0.07488923738929015,0.06024660479652378
0.53,76.98407703823126,195.58132378194418,-6.998671460497807,2.3749971235109477,1.0,77.3789927239839,197.44858492448816,-6.9832751374665145,2.30219941814861,0.483096660169895,0.06674186967174002,-0.026660555207242163,-2.4209909485618053,-0.17414736669211558,-0.16244744722874044,-0.024858169556777002,0.0052398859980331385,-0.30606173341543097,0.13137862375086196
0.55,76.98407703823126,195.58132378194418,-6.998671460497807,2.3749971235109477,1.0,77.28245146954906,197.53605750115483,-6.987038929062415,2.2987891812415278,0.48330773472211364,0.0639855346323627,-0.03080274704744465,-2.4175697407166195,-0.18048651586628223,-0.17187598324499004,-0.039131203610866576,0.06914737348020915,0.04433106738300869,0.0968520852548235
0.57,76.98407703823126,195.58132378194418,-6.998671460497807,2.3749971235109477,1.0,77.18862696642718,197.62809574006133,-6.99069680442779,2.295200945806576,0.48247596402823667,0.06107304966132236,-0.03126423952247565,-2.416359797013578,-0.18148591356763868,-0.18177916743868974,-0.07405378562158046,0.1446687507691241,0.10649193486034444,0.01858727459952339
0.59,76.98407703823126,195.58132378194418,-6.998671460497807,2.3749971235109477,1.0,77.09338883018127,197.70488224747817,-6.994409792195662,2.292207319786427,0.48347286211175955,0.06452526974360945,-0.031365863056783426,-2.4153312047072166,-0.1962883993006058,-0.17190813425158524,-0.025933797159093983,0.0007079817139390709,-0.1492482195480497,0.020294580594006063
0.61,76.98407703823126,195.58132378194418,-6.998671460497807,2.3749971235109477,1.0,76.98584606916401,197.79638607948058,-6.998602492430253,2.2886399189286317,0.48364797113669394,0.06501114903660955,-0.030716177002056744,-2.4154362969133056,-0.21428859982536258,-0.1874365879800211,-0.03723686014000607,0.06987960697164802,0.06760152334786454,-0.01389034057732847
0.63,76.98407703823126,195.58132378194418,-6.998671460497807,2.3749971235109477,1.0,76.87539695190631,197.89361124532272,-7.002908500900339,2.2848494641199717,0.4835406816574533,0.06395516903343003,-0.03222304150059963,-2.41556734458705,-0.21854248479572633,-0.19158961440655267,-0.010767231494522465,-0.006937055458145103,0.07959596871490551,-0.031361447967914895
0.65,76.98407703823126,195.58132378194418,-6.998671460497807,2.3749971235109477,1.0,76.76300232606317,197.98771730988375,-7.007290357658356,2.2811806117004387,0.4837531314353366,0.06465841264181067,-0.03173348754512757,-2.415983424699373,-0.22332216609838582,-0.18032721248486683,-0.010521053016535891,-0.002218672523276422,-0.10599213947693176,-0.02445479554658254
0.67,76.98407703823126,195.58132378194418,-6.998671460497807,2.3749971235109477,1.0,76.6466643141566,198.08312724771105,-7.01182595266446,2.2774609260151637,0.4837444672596041,0.06532068147383184,-0.030737731528773463,-2.4161225800011485,-0.22420359106923068,-0.19539037768294001,-0.0076075449764973265,-0.004093339837032256,0.018552156592496316,-0.00912417104699417
0.69,76.98407703823126,195.58132378194418,-6.998671460497807,2.3749971235109477,1.0,76.5333151079091,198.1842185207615,-7.0162450250327835,2.273519745779279,0.4836673774653536,0.06506541122874077,-0.030694093605033508,-2.416166570302229,-0.22164684850714098,-0.19583924858389642,-0.030601390116727176,0.06570128206515813,0.05502093319690221,0.0020947865211490627
0.71,76.98407703823126,195.58132378194418,-6.998671460497807,2.3749971235109477,1.0,76.41869630937661,198.28476822100595,-7.0207135941763505,2.2695996794929445,0.4831961319542886,0.06367506513707258,-0.031865527560432705,-2.4164413674062217,-0.21870749426675778,-0.2160446029226851,-0.024870143979114558,0.02081344378477956,0.056766650250109574,-0.048350560202358096
0.73,76.98407703823126,195.58132378194418,-6.998671460497807,2.3749971235109477,1.0,76.30376262778924,198.38871168389517,-7.025194439462408,2.2655473027721182,0.48347056378821085,0.06452550511451233,-0.030799168415131035,-2.417634311143574,-0.21774138208976443,-0.20313823743042603,-0.01723591765696985,0.02578785103242849,-0.14787633804740696,-0.060961217507567035
0.75,76.98407703823126,195.58132378194418,-6.998671460497807,2.3749971235109477,1.0,76.1897387193108,198.49401829708944,-7.029639816011275,2.261441781789886,0.4834249799647943,0.06456080982739024,-0.030463165861820303,-2.4181142524620647,-0.2203574384652751,-0.20205073173871455,-0.009193796164588076,0.0122251246059049,-0.0694392825875829,-0.031275514981909606
0.77,76.98407703823126,195.58132378194418,-6.998671460497807,2.3749971235109477,1.0,76.07467812466864,198.59619080767263,-7.034125609174712,2.257458448043952,0.48360887244244377,0.06484031850163798,-0.030798740817545703,-2.418404312517898,-0.2240603415140133,-0.19549787551932188,0.0037830980592142476,-0.015012794122083516,-0.013885877103706841,-0.007895570972284226
0.79,76.98407703823126,195.58132378194418,-6.998671460497807,2.3749971235109477,1.0,75.95969798231587,198.6950559012844,-7.038608265796652,2.253604058429458,0.48386905087906046,0.06545828743333157,-0.03047634270985272,-2.418450065950328,-0.22311034398730786,-0.19311193283732583,0.0160032027962437,0.013310174157693288,-0.049709534793103784,-0.0015935727989146253
0.81,76.98407703823126,195.58132378194418,-6.998671460497807,2.3749971235109477,1.0,75.84468875514116,198.7950044442395,-7.04309205632978,2.249707429074484,0.48428849645857425,0.06606191419316369,-0.02957639528190692,-2.41857987882449,-0.22494851521848838,-0.19679210875349812,0.016237334604532895,0.014152372701374802,-0.04502793536892375,-0.006157088441897464
0.83,76.98407703823126,195.58132378194418,-6.998671460497807,2.3749971235109477,1.0,75.72909842273906,198.89605682535017,-7.047598502037464,2.2457677650935604,0.4847373553406081,0.06664905688749109,-0.02858474157877185,-2.4187781281960543,-0.22536339985270704,-0.198161929110503,0.02088694096602243,0.027214661964599183,-0.06010121981046428,-0.009289699503709413
0.85,76.98407703823126,195.58132378194418,-6.998671460497807,2.3749971235109477,1.0,75.61148165533704,198.99842021931676,-7.052183951058985,2.241776989500321,0.4844275777696796,0.067289794792749,-0.030566613488719137,-2.4189504712093686,-0.22839288064531132,-0.19751779085633359,-0.07129976562584252,-0.22258661490341933,0.20516352460069429,-0.003159139609770031
0.87,76.98407703823126,195.58132378194418,-6.998671460497807,2.3749971235109477,1.0,75.51779578471536,199.09832472624254,-7.055836421648524,2.2378820769496093,0.48480567937628033,0.06693094136378391,-0.03054316248117549,-2.4209812462296263,-0.20995314320821679,-0.17846075426383395,-0.07079965191188362,-0.15943419734535166,0.05337228397025914,-0.020160420625089298
0.89,76.98407703823126,195.58132378194418,-6.998671460497807,2.3749971235109477,1.0,75.42836954419144,199.1910758333332,-7.059322824787858,2.2342660493827218,0.48519501930452247,0.06660252990220832,-0.026904356172318192,-2.4239261384852964,-0.203941139144444,-0.18402382391518923,-0.048132538989806496,0.023320087174148345,0.06953273176759288,0.005825286459073216
0.91,76.98407703823126,195.58132378194418,-6.998671460497807,2.3749971235109477,1.0,75.32407663005671,199.2884217065357,-7.06338882533892,2.2304708886340863,0.48577547953800027,0.06669226829094414,-0.026550109683705185,-2.4246531674897276,-0.21473096997282223,-0.18939664312401996,0.00989225345012168,0.011394662623541461,-0.016832958162811214,-0.014106620574528798
0.93,76.98407703823126,195.58132378194418,-6.998671460497807,2.3749971235109477,1.0,75.21147015670823,199.38386518732926,-7.067778941258938,2.2267498952308284,0.48635963931554077,0.06830371475314205,-0.02537223454120203,-2.4250700484853116,-0.228922939490565,-0.18608837521980848,0.0009616127084432985,0.04525080918700156,-0.142561776580553,-0.03330705232130362
0.95,76.98407703823126,195.58132378194418,-6.998671460497807,2.3749971235109477,1.0,75.09352123528652,199.48424372544994,-7.072377339754912,2.222836501931776,0.4860187880129225,0.06746223484063005,-0.025514938438654062,-2.4249486787714893,-0.22906221488504439,-0.20010689631698497,-0.08730634712300195,0.03145687647282572,0.2431867571982122,0.013988706478253423
0.97,76.98407703823126,195.58132378194418,-6.998671460497807,2.3749971235109477,1.0,74.98658275278011,199.59339864150186,-7.076546481373095,2.2185809496490503,0.48598553590094085,0.06341383677776477,-0.028334178771949544,-2.4266285671418006,-0.21855491274725197,-0.20973424232560645,-0.054397732906822004,0.09869897516854398,0.2882167629990908,-0.012697682952829623
0.99,76.98407703823126,195.58132378194418,-6.998671460497807,2.3749971235109477,1.0,74.86913712715669,199.6995546106742,-7.081125258200519,2.2144423153733253,0.48625326943381825,0.06262900534988691,-0.030575214991476134,-2.4282384831906043,-0.23178201811833415,-0.20458970450710717,-0.046735597878876274,-0.05232050316636064,0.08609997376563094,-0.03372567527098799
1.01,76.98407703823126,195.58132378194418,-6.998671460497807,2.3749971235109477,1.0,74.7532678465205,199.80229387247817,-7.0856425790830215,2.2104368860632295,0.4843406256091344,0.06450651955850745,-0.032895284080708874,-2.429381921081506,-0.239590453091635,-0.19082483415641277,-0.11772557638918414,-0.19831858883580777,0.03329718957774892,0.030357702039096754
1.03,76.98407703823126,195.58132378194418,-6.998671460497807,2.3749971235109477,1.0,74.64270595024321,199.91103962199722,-7.0899529843959765,2.206197285692116,0.4860010508249667,0.06387146638856996,-0.026246913303710703,-2.431602640982072,-0.24792672467570054,-0.21319680255438728,-0.019193263753223812,0.02249638246455271,-0.13000842183537592,-0.01590738306580198
1.06,76.98407703823126,195.58132378194418,-6.998671460497807,2.3749971235109477,1.0,74.51662061942417,200.02021010613788,-7.094868591835315,2.2019411264663584,0.48594043945365323,0.06386815055130124,-0.025991710341947222,-2.431648988579781,-0.24028823443788577,-0.21020951092540574,-0.010956415076764751,-0.021306350741953327,0.051166718902791425,0.004665754987434245
1.08,76.98407703823126,195.58132378194418,-6.998671460497807,2.3749971235109477,1.0,74.39508624013106,200.12533095700226,-7.099606774263896,2.1978428476802234,0.4860019877575925,0.06383576138631313,-0.026273912435000955,-2.4316597147716044,-0.23843390761167826,-0.20189539013466382,-0.010996446542672296,-0.010968005455104792,-0.00713545456824194,0.005759464537816035
1.1,76.98407703823126,195.58132378194418,-6.998671460497807,2.3749971235109477,1.0,74.27245805322497,200.2279207142179,-7.1043876002641335,2.193843247009048,0.48612644683809325,0.06444456845594698,-0.025939269946869955,-2.4316376452580357,-0.2386083597361133,-0.20303006847188443,-0.007974449095899963,-0.015882788383099863,0.01902299229852165,0.004660388288644308
1.12,76.98407703823126,195.58132378194418,-6.998671460497807,2.3749971235109477,1.0,74.15155506866363,200.33125314385987,-7.109101166913699,2.1898146922471784,0.48532216522236804,0.062051306295857034,-0.02568769556358755,-2.431728201256744,-0.23501932689009614,-0.20142532168176677,-0.11147983787812552,0.2497537417225137,0.20671792106805667,-0.01708943503802299
1.14,76.98407703823126,195.58132378194418,-6.998671460497807,2.3749971235109477,1.0,74.02331724489306,200.43219235362884,-7.114100692206899,2.185879440404334,0.48599603319960194,0.06270826333167696,-0.027794356637132728,-2.4326118137726414,-0.2376056525190591,-0.198438908424662,-0.016469159249128146,-0.0029299255109100433,-0.0012452103511594904,-0.0031745515720927563
1.16,76.98407703823126,195.58132378194418,-6.998671460497807,2.3749971235109477,1.0,73.90159291463885,200.53454253967703,-7.118846280131039,2.181889179739686,0.48600465302229245,0.06325258427779393,-0.02703482182701248,-2.432589159314106,-0.24072059783894506,-0.19948583486945484,-0.015558544587548368,0.0022235400298240187,-0.06582721963494105,0.0105890856145236
1.18,76.98407703823126,195.58132378194418,-6.998671460497807,2.3749971235109477,1.0,73.7770446027233,200.63601172286326,-7.123701964806109,2.177933266165175,0.48551674438734516,0.06335784097598189,-0.024740357669065648,-2.4325851608631535,-0.2438479360867585,-0.19543735103675694,-0.09123282481022804,0.22206996988403288,-0.08915459704547896,-0.00606080075832549
1.2,76.98407703823126,195.58132378194418,-6.998671460497807,2.3749971235109477,1.0,73.65239858507273,200.7420014591843,-7.128561458671628,2.1738011127023658,0.4851698458662633,0.06180209707893152,-0.025838284148346526,-2.4325506780208137,-0.23612455047472097,-0.2027690989619878,-0.01872923818966763,-0.011131290612424474,0.06487079759890636,-0.0010797993491255525
1.22,76.98407703823126,195.58132378194418,-6.998671460497807,2.3749971235109477,1.0,73.53000021643314,200.8443020998232,-7.1333333248953945,2.169812783632623,0.4855155877067274,0.06262319521084427,-0.025969696124467145,-2.4327568830854203,-0.23696642452458497,-0.19988749768268488,-0.02678543211951105,0.02694087632168785,-0.04535940956574908,0.0070871051857592585
1.24,76.98407703823126,195.58132378194418,-6.998671460497807,2.3749971235109477,1.0,73.41220047336766,200.9517291670324,-7.137925907471046,2.1656245938778795,0.4852242047558807,0.06137312754312129,-0.026436388976101267,-2.43278255472877,-0.22508302077500214,-0.21028660567814705,-0.032701890876082156,0.030897183342823323,0.09327872193248012,-0.0015130829658510578
1.26,76.98407703823126,195.58132378194418,-6.998671460497807,2.3749971235109477,1.0,73.29594059127588,201.05705852092225,-7.1424584564804725,2.1615181863188213,0.4850328219236172,0.06022937818493814,-0.027088178520702767,-2.4328581479477434,-0.22338480884615125,-0.20149476040624756,-0.013353741388798664,0.029587730492197338,0.04857887595227181,-0.003040360675272565
1.28,76.98407703823126,195.58132378194418,-6.998671460497807,2.3749971235109477,1.0,73.18212871883244,201.1589229821149,-7.146895566517253,2.1575468622957166,0.4851014829626992,0.059341069592865246,-0.027169301927101725,-2.4328922713359273,-0.22128647572162305,-0.19879894098623013,-0.008538341864577068,0.026191871418282588,0.050310040084781564,0.0015845506214795
1.3,76.98407703823126,195.58132378194418,-6.998671460497807,2.3749971235109477,1.0,73.06908243322368,201.26101644116244,-7.151302829114086,2.1535666104809974,0.4846467463984928,0.05687233267451125,-0.027309235561353604,-2.4329532466924557,-0.21756252103684515,-0.21091910222490248,-0.02874321124430047,0.017897213609572492,0.1428938435408214,-0.008542549639865329
1.32,76.98407703823126,195.58132378194418,-6.998671460497807,2.3749971235109477,1.0,72.95615516640858,201.36240688443655,-7.155705451602005,2.149613766688634,0.48519370580219623,0.056043052277488375,-0.028530154809166753,-2.433307726061687,-0.21762408245266882,-0.1923213380212645,-0.008404079276577237,0.05444775685116209,0.03447428963657707,-0.0005047466047005981
1.34,76.98407703823126,195.58132378194418,-6.998671460497807,2.3749971235109477,1.0,72.84252828425377,201.46291627804774,-7.160135349541763,2.1456952718110047,0.4842349246685115,0.05749923486669876,-0.028719347063186646,-2.433600939295343,-0.22430897706831568,-0.1987390223853372,-0.11697511802820248,-0.21529197101714537,-0.07645224820420196,-0.022961375241323457
1.36,76.98407703823126,195.58132378194418,-6.998671460497807,2.3749971235109477,1.0,72.7321158898996,201.55774627226722,-7.164439926319703,2.1419981960129744,0.48539445366926387,0.05783532910333852,-0.023291923231668215,-2.433618234513315,-0.23759191481558886,-0.18794935084262293,-0.0009833364575574342,0.026354398500213393,-0.1689384397142199,0.017408814232220942
1.38,76.98407703823126,195.58132378194418,-6.998671460497807,2.3749971235109477,1.0,72.6052631462567,201.65904252030674,-7.169385452387653,2.138049024549445,0.4855705369143297,0.05557070541726163,-0.024955654551887974,-2.433389368900263,-0.23477152172123392,-0.2021726276744422,-0.025185534010837535,-0.05873579740236443,0.06603456947548633,-0.016603414837025834
1.4,76.98407703823126,195.58132378194418,-6.998671460497807,2.3749971235109477,1.0,72.49015764463647,201.76034817858965,-7.173872996310469,2.1340994862148284,0.4856878812617279,0.05489020620338525,-0.024881951601072476,-2.4334359324113253,-0.22449263984767176,-0.19447817510764678,-0.006292212018294545,0.025888167241757583,-0.005636550395250926,0.005031218854996508
1.42,76.98407703823126,195.58132378194418,-6.998671460497807,2.3749971235109477,1.0,72.37232201796984,201.86068710747432,-7.178466977856926,2.130187637135505,0.48508117050211275,0.05622252280415764,-0.026264156332499008,-2.433645379296598,-0.2358687478568176,-0.19590234337564635,-0.08387863740405743,-0.22626499178442927,0.1929984257916305,-0.01507253129363662
1.44,76.98407703823126,195.58132378194418,-6.998671460497807,2.3749971235109477,1.0,72.27212460600882,201.96113565775843,-7.182373309707258,2.1262715143174105,0.4857336935035982,0.05167863112806761,-0.02737907100747922,-2.4341927375039765,-0.19675709978521538,-0.19903076381623327,-0.02306624811215508,0.022067182806756597,0.1889956227335267,-0.008069730011719633
1.46,76.98407703823126,195.58132378194418,-6.998671460497807,2.3749971235109477,1.0,72.16910769766397,202.06027737188202,-7.1863895634439,2.1224063402775037,0.4856274351280951,0.04887100459866792,-0.02948715046118713,-2.434337379027032,-0.20168720597679768,-0.19187358844156746,-0.0505078649236294,0.12182248443826982,0.162332148300702,-0.022212153909903293
1.48,76.98407703823126,195.58132378194418,-6.998671460497807,2.3749971235109477,1.0,72.06413726316805,202.16143741962637,-7.19048197804413,2.118462478767004,0.4842965076270904,0.04926479802158174,-0.03013707010756797,-2.4348539528242465,-0.19973683468266817,-0.20066017349801446,-0.08659249252564562,-0.27101678299068366,-0.228948914655064,-0.005753518161727596
1.5,76.98407703823126,195.58132378194418,-6.998671460497807,2.3749971235109477,1.0,71.94955392329386,202.25037786897948,-7.194949164783865,2.114995014854602,0.4852030513139891,0.05404639964759801,-0.02166736585191298,-2.4356737874674295,-0.2596506048603846,-0.16762506723826945,-0.015088149021716322,0.013952778305967639,-0.4717919187640941,0.03926209253069976
1.52,76.98407703823126,195.58132378194418,-6.998671460497807,2.3749971235109477,1.0,71.81499279642993,202.34564280329798,-7.200195212614817,2.111280982327565,0.4856146755343016,0.054767871956730885,-0.021213131951451303,-2.436374731673148,-0.24170988504178584,-0.19663259902592406,-0.02784800114043292,0.020613991836056375,0.09228236909076598,-0.055367967630753766
1.54,76.98407703823126,195.58132378194418,-6.998671460497807,2.3749971235109477,1.0,71.70054768496867,202.45075663195624,-7.204657010332606,2.1071829773116475,0.48527600737866033,0.0531465601861238,-0.022072386289514412,-2.4367712011433933,-0.21914556340818564,-0.20216113681112594,-0.03176598983599961,0.029655215412134586,0.08739983325302574,0.0031916978142630436
1.56,76.98407703823126,195.58132378194418,-6.998671460497807,2.3749971235109477,1.0,71.5873775977342,202.55375886971902,-7.20906909950354,2.1031672955275234,0.4849832152189386,0.0517992776429129,-0.022689370559880986,-2.436799473209798,-0.22015528201767087,-0.199703224837269,-0.03067962083441711,0.028043640942575034,0.0654485258819941,0.001410144750291326
1.58,76.98407703823126,195.58132378194418,-6.998671460497807,2.3749971235109477,1.0,71.47060964893518,202.65193268564417,-7.213621456181865,2.0993398563101686,0.4847821381502451,0.052259118578560464,-0.021271808352434213,-2.436702957746774,-0.23964944662333018,-0.1862115672854414,-0.02293268486385011,0.023691332755228573,-0.16123457219599735,0.0071972149630538645
1.6,76.98407703823126,195.58132378194418,-6.998671460497807,2.3749971235109477,1.0,71.34653440889814,202.75343398442672,-7.2184586975088445,2.095382690665625,0.48557066499789303,0.052792727258502044,-0.02220686669086858,-2.4359512226429096,-0.23631801433610622,-0.18813635676475488,0.0103551595282647,-0.12703212840613212,-0.022182620606585483,-0.0010543639267938543
1.62,76.98407703823126,195.58132378194418,-6.998671460497807,2.3749971235109477,1.0,71.2288671782684,202.84608891205463,-7.223046113907665,2.091770412785394,0.4859808322611715,0.054419072553278255,-0.0228549222702449,-2.4360129237316,-0.22469064013087262,-0.18141857162434183,0.009668109512934604,-0.02776636543219204,-0.04971138209713083,-0.0028441645407332183
1.64,76.98407703823126,195.58132378194418,-6.998671460497807,2.3749971235109477,1.0,71.11287887668956,202.93924000898457,-7.227568074982863,2.088138791072726,0.4863779198200707,0.055614075355286986,-0.022852651234837904,-2.4359971494644586,-0.2268652627755729,-0.1808377832254038,0.010220531578622651,-0.028878894121392606,-0.04805194660274367,-0.0073899450075062415
1.66,76.98407703823126,195.58132378194418,-6.998671460497807,2.3749971235109477,1.0,70.99668575862185,203.0323636229247,-7.232098021106361,2.0845082408216506,0.48677940737229336,0.056813852842805476,-0.02285485002373154,-2.435998668135697,-0.22674246167763512,-0.18066812020050485,0.010485066593812348,-0.02908071983294414,-0.04678182943766661,-0.0076046210224213415
1.68,76.98407703823126,195.58132378194418,-6.998671460497807,2.3749971235109477,1.0,70.881328760581,203.1258564575603,-7.236595369957856,2.0808632960015467,0.48718219429108556,0.05773132715830746,-0.022469852569295113,-2.435994110183898,-0.2240698623540646,-0.18363367591475716,0.010650799090518167,0.015115461784870346,-0.05792316072238151,-0.005525173103365479
1.7,76.98407703823126,195.58132378194418,-6.998671460497807,2.3749971235109477,1.0,70.76585006504885,203.22081713595225,-7.241097463350922,2.077161125304005,0.4875743064482415,0.05832690811323849,-0.021749403385178053,-2.4359442789672903,-0.22710248282586873,-0.18461574816481524,0.0034187580406929013,0.03137651487664123,-0.029742826105025367,-0.007265357506350871
1.72,76.98407703823126,195.58132378194418,-6.998671460497807,2.3749971235109477,1.0,70.64960181796874,203.31819434489535,-7.245629558753655,2.07336474288907,0.4867420026296282,0.05511621550051589,-0.020558497873123728,-2.4361210830862983,-0.21877209001333564,-0.19604489514206636,-0.013579645773369096,0.15157089123860074,-0.03803645041796935,-0.036533887699077325
1.74,76.98407703823126,195.58132378194418,-6.998671460497807,2.3749971235109477,1.0,70.53879343757913,203.41583866793522,-7.24994957358366,2.069557946669193,0.4873676926131782,0.055639491795709844,-0.017899353568011353,-2.4356445806233817,-0.22332528403107008,-0.1914439577429996,-0.0007935013851031402,0.08350755963462897,-0.04599926884781236,-0.009276726645923217
1.76,76.98407703823126,195.58132378194418,-6.998671460497807,2.3749971235109477,1.0,70.42137556490319,203.5086221729018,-7.254527268424827,2.0659406560272213,0.4883365245754048,0.057587701728282,-0.017698668971011293,-2.434381955643152,-0.23295190487729278,-0.18518298073882453,-0.00015962325190839368,-0.09737384243890794,0.005619782327611028,-0.004166938875354803
1.78,76.98407703823126,195.58132378194418,-6.998671460497807,2.3749971235109477,1.0,70.30422408122467,203.60081489680547,-7.259094577730032,2.0623463977853618,0.48853562514324367,0.05898119167221343,-0.01884368077816534,-2.4345492879635464,-0.2219653285986839,-0.1793761200757594,0.0013017667422401667,0.03551313621674145,-0.035579488381463194,-0.03981187771032433
1.8,76.98407703823126,195.58132378194418,-6.998671460497807,2.3749971235109477,1.0,70.18976845583543,203.69595284650106,-7.2635567853475465,2.058637315925884,0.48871004804941837,0.05897153591660797,-0.018036497202132247,-2.434863182359041,-0.2258576373878187,-0.18702907881845574,0.0005630932235348508,0.04129433300554796,-0.030593762497173188,-0.01978635629443976
1.82,76.98407703823126,195.58132378194418,-6.998671460497807,2.3749971235109477,1.0,70.07361610703836,203.79339937323164,-7.268085142025795,2.054838231063094,0.4889019270447025,0.058982469923676104,-0.017283341489087344,-2.434998115789553,-0.22883563624393252,-0.1897083471339931,0.0006092006784990775,0.041928336024912534,-0.029370981353816147,-0.018016972775548236
1.84,76.98407703823126,195.58132378194418,-6.998671460497807,2.3749971235109477,1.0,69.95618398264452,203.8917095922703,-7.272663392489492,2.051005473985564,0.489094501075381,0.058993595223411494,-0.016518243321957064,-2.4351523058812563,-0.23119759448318164,-0.19136516329769893,0.00046133535592827644,0.04209101576166459,-0.02910942787879676,-0.01826479293376019
1.86,76.98407703823126,195.58132378194418,-6.998671460497807,2.3749971235109477,1.0,69.83778238198475,203.9907531482634,-7.27727943929884,2.047144126773357,0.4892900201860415,0.05900795100368077,-0.015759544137058715,-2.4353098823995767,-0.23213431056909975,-0.19315324560109925,-9.224976862500433e-05,0.031853129354847166,-0.02795655181783519,-0.013291746524095333
1.88,76.98407703823126,195.58132378194418,-6.998671460497807,2.3749971235109477,1.0,69.71812315973335,204.0893041098918,-7.281944516189733,2.043301984019813,0.48947080080955785,0.060361325030562095,-0.0168380414096438,-2.43506046661273,-0.23543436338909768,-0.19042204013615044,-0.00216595264261938,-0.1676405072601578,0.020411098462308503,0.027343653458826424
1.9,76.98407703823126,195.58132378194418,-6.998671460497807,2.3749971235109477,1.0,69.60215010689359,204.18397447299748,-7.2864658827721795,2.039611131657018,0.48971766916843795,0.05979751431139712,-0.015420512334716623,-2.435035783170791,-0.21871562993956672,-0.1873716002073495,-0.03265065022584144,0.03671297622057115,-0.14086897689955571,-0.021751636297333326
1.92,76.98407703823126,195.58132378194418,-6.998671460497807,2.3749971235109477,1.0,69.48441475029855,204.28010619478002,-7.291055955154053,2.0358633062463922,0.48982657042484035,0.06020707406281906,-0.015014958304070689,-2.4353290874066738,-0.23070739420769742,-0.18892263774831325,0.0021781685122381315,-0.006563412240832286,-0.01571397515915032,-0.012785621302740227
1.94,76.98407703823126,195.58132378194418,-6.998671460497807,2.3749971235109477,1.0,69.36608821498974,204.3777248082955,-7.295669075438997,2.032057512347154,0.49000237252856593,0.06077687002416019,-0.014961522304272954,-2.4353885511067417,-0.23108201869468245,-0.19263661066273444,0.0024530004052430057,-0.00898365131007352,-0.013436613483445416,-0.0018650392963343576
1.96,76.98407703823126,195.58132378194418,-6.998671460497807,2.3749971235109477,1.0,69.24730948973203,204.47656480822445,-7.300299824961714,2.0282041010438814,0.4901742331652722,0.06134152863135877,-0.014892289077183691,-2.4353492138389137,-0.23234811616779427,-0.19414299740290136,0.0018678098907071576,-0.008908212604744403,-0.014685936751135279,-0.0004681296500940687
1.98,76.98407703823126,195.58132378194418,-6.998671460497807,2.3749971235109477,1.0,69.12828619685914,204.57513150540197,-7.304940109284244,2.024361344818637,0.49037935760628737,0.061972995578942584,-0.01492383488794655,-2.435352321722183,-0.2287877313092659,-0.18942163618601804,-0.008187378149331598,0.0125513976916012,-0.07038497549795034,0.0021311115817346125
2.0,76.98407703823126,195.58132378194418,-6.998671460497807,2.3749971235109477,1.0,69.01197702281404,204.67709721888914,-7.30947458000725,2.0203860733376553,0.49007870593334446,0.061370819356623064,-0.012341529345034857,-2.435135110039849,-0.24471214370506514,-0.21860417552533282,-0.015210260646151406,0.09476315667199467,-0.06335580164822979,0.006175270138101797
2.02,76.98407703823126,195.58132378194418,-6.998671460497807,2.3749971235109477,1.0,68.88878985438117,204.78946164271176,-7.314277198659603,2.016005394046325,0.4907970802535113,0.061992208125191246,-0.013747893972587567,-2.433942400019983,-0.24766381864193637,-0.2155177151935941,-0.006301374022575402,-0.11652116919440153,-0.005004194599992845,0.055537945111203704
2.04,76.98407703823126,195.58132378194418,-6.998671460497807,2.3749971235109477,1.0,68.76390623275577,204.8945968706113,-7.319145955837982,2.0119065547519956,0.49101729354234885,0.06362356895458561,-0.015197337635287148,-2.433327236675928,-0.2366238492865196,-0.199674597108635,0.0009016725467247077,-0.00034289757575957196,-0.022163428306115025,-0.005162162022820145
2.06,76.98407703823126,195.58132378194418,-6.998671460497807,2.3749971235109477,1.0,68.64300285474295,204.99544918606583,-7.3238595378267854,2.007974690601722,0.4911868128603234,0.06426887771391895,-0.015077609628246206,-2.4333226388126175,-0.23252276674693198,-0.19401877309520116,-0.009357103673158396,0.014132620713033497,-0.07277409515499311,0.0010470010159732762
2.08,76.98407703823126,195.58132378194418,-6.998671460497807,2.3749971235109477,1.0,68.52388398467858,205.09682869255533,-7.328503548355611,2.0040222731947224,0.4903696454666101,0.0633620253999097,-0.0108217621776613,-2.433298721160763,-0.2512385421520064,-0.21837936703902866,-0.054609836908410384,0.24647207852808412,-0.11914238207995753,0.024522210340149377
2.1,76.98407703823126,195.58132378194418,-6.998671460497807,2.3749971235109477,1.0,68.39796757925573,205.21718876213723,-7.333412570009523,1.999329872821161,0.49146177307551375,0.06301891500910221,-0.01138048646501074,-2.4322708463215768,-0.24999726889011595,-0.2194331498160314,-0.005028289956604868,-0.01445606690900966,-0.029838772053385747,0.028668127518845586
2.12,76.98407703823126,195.58132378194418,-6.998671460497807,2.3749971235109477,1.0,68.2676213853819,205.32185871098707,-7.338494292967567,1.9952491730609323,0.49163157195254414,0.06458991536827038,-0.01256675943704279,-2.432274546935681,-0.2530537211889506,-0.19500372331871027,-0.00637953406922249,-0.16525370958072866,0.00038073043049305366,-0.011932575214766082
2.14,76.98407703823126,195.58132378194418,-6.998671460497807,2.3749971235109477,1.0,68.14816247242284,205.42242651213837,-7.343151560529324,1.9913284010862229,0.4918924593677903,0.06451920017829958,-0.01184794684374854,-2.432491533344652,-0.2300645015345955,-0.1983007684681236,0.003933241208164396,0.03161899216966178,-0.021529714446597875,-0.0002505188135293137
2.16,76.98407703823126,195.58132378194418,-6.998671460497807,2.3749971235109477,1.0,68.02985464697113,205.5235244258881,-7.347763951385141,1.9873869619536797,0.49218420019937653,0.06451347018652229,-0.011447726403621464,-2.4324625481507383,-0.23007969963729408,-0.19734259869787352,0.003644552065633517,0.030457025347799753,-0.022080980728502408,-0.0015609042645669186
2.18,76.98407703823126,195.58132378194418,-6.998671460497807,2.3749971235109477,1.0,67.91270673766456,205.62475022628058,-7.352331121338613,1.9834405369871122,0.49163147716987987,0.06335739336464322,-0.0077562487721699455,-2.432361878969539,-0.23922478555448182,-0.21461225114192,-0.05386352240277047,0.2070984305815773,-0.13351004896261753,0.028947991037779834
2.2,76.98407703823126,195.58132378194418,-6.998671460497807,2.3749971235109477,1.0,67.78921708154388,205.74002946322003,-7.35714553288328,1.9789462197575038,0.49261944152990494,0.06320926973840568,-0.008279524940316996,-2.431627321089481,-0.24698006906058936,-0.21054041233138035,-0.004106985462890722,-0.024357042406564746,-0.025910961811308232,0.0076387658400531265
2.22,76.98407703823126,195.58132378194418,-6.998671460497807,2.3749971235109477,1.0,67.66236828559502,205.8406099177405,-7.3620909050450285,1.975024954474055,0.4928458781828198,0.06458312740961683,-0.009310396133986458,-2.431869538557306,-0.23532960112994938,-0.185058356176176,0.003220851605067609,0.015334673652479026,-0.0327857994474674,-0.028171842101374665
2.24,76.98407703823126,195.58132378194418,-6.998671460497807,2.3749971235109477,1.0,67.54496115882024,205.93589074390462,-7.36666818094268,1.9713103023818859,0.49184947872986656,0.064677864491895,-0.003823135614311158,-2.4324208956275593,-0.2325771456964444,-0.18746603763083428,-0.10794778981320041,0.2820092434990309,-0.3742851953290422,-0.028711482509660605
2.26,76.98407703823126,195.58132378194418,-6.998671460497807,2.3749971235109477,1.0,67.42197304676941,206.05336687194065,-7.371463039112304,1.9667303363765842,0.4920812731919725,0.05950755459782763,-0.004137066150037595,-2.4315742136106397,-0.24283463233384872,-0.22336257338063076,-0.02735151136708502,0.1631622918656032,-0.015907726397531442,0.0037860992398874803
2.28,76.98407703823126,195.58132378194418,-6.998671460497807,2.3749971235109477,1.0,67.29191691942155,206.15660872454046,-7.376533453433858,1.9627053128834127,0.49298187432375257,0.06128231186355412,-0.002091540533200248,-2.4305701103450956,-0.2501054664059722,-0.2072051061770513,-0.0064744370733349895,-0.03079623947008708,-0.00929140416149286,-0.007620341348637943
2.3,76.98407703823126,195.58132378194418,-6.998671460497807,2.3749971235109477,1.0,67.16627335167455,206.25700924163286,-7.381431838141343,1.9587910627043736,0.49306640922215983,0.06303613089912374,-0.0041289358819337485,-2.4307591930159735,-0.24000360003673643,-0.18422134687657377,-0.005703687926995854,-0.2034487592717951,0.03704134310065591,-0.01077988957736761
2.32,76.98407703823126,195.58132378194418,-6.998671460497807,2.3749971235109477,1.0,67.04443766359688,206.34338856779263,-7.386181767501096,1.9554234476494108,0.4928651047100949,0.0639303937279283,-0.006941344925400891,-2.431355630695848,-0.23644573513887662,-0.155006426591772,-0.0666384444469006,0.12717673388687073,0.12310975844614316,-0.05543789097795649
2.34,76.98407703823126,195.58132378194418,-6.998671460497807,2.3749971235109477,1.0,66.92961567722045,206.43415331116654,-7.390658258198033,1.9518848611630986,0.49322307303833357,0.06436818649311073,-0.006319528038260131,-2.4312702192530242,-0.23020153435544335,-0.18125439077292052,-0.013142189981374116,-0.014784486401045585,0.016214864821243107,0.01648916252821657
2.36,76.98407703823126,195.58132378194418,-6.998671460497807,2.3749971235109477,1.0,66.81333513431912,206.52958489202297,-7.3951916126971105,1.948164331695011,0.49327165472919954,0.06491327626439601,-0.007110698793648352,-2.431300411154603,-0.21791052681052794,-0.18788672843658752,-0.028282221681819757,0.060300034655666794,-0.07845969605443852,-0.0035877190702620085
2.38,76.98407703823126,195.58132378194418,-6.998671460497807,2.3749971235109477,1.0,66.6987833141953,206.62756351453842,-7.399657570596674,1.944344502357177,0.4914970596840912,0.058841091914705906,-0.005895612289735982,-2.4306747922422813,-0.22477450149091724,-0.19781467841142192,-0.16607436184712626,0.35613844765533087,0.24868744040885682,0.08036278469119937
2.4,76.98407703823126,195.58132378194418,-6.998671460497807,2.3749971235109477,1.0,66.59306213842945,206.7272025387943,-7.4037792538624,1.940459940008019,0.48969580399865476,0.06464896155424892,0.005690782860912437,-2.427088822119519,-0.22835429760220663,-0.20498102488282624,-0.19303002698892582,0.4588919336644357,-0.510584027842987,0.03641375407906048
2.42,76.98407703823126,195.58132378194418,-6.998671460497807,2.3749971235109477,1.0,66.46035550014943,206.8439157216287,-7.408953001943492,1.9359097184550214,0.48936882786948915,0.06415914580461762,0.006383110392127704,-2.4269764496313226,-0.2468828740689026,-0.2183704077507567,-0.016648453627967713,0.03167808277584433,-0.006375491060324014,0.0012197949469588227
2.44,76.98407703823126,195.58132378194418,-6.998671460497807,2.3749971235109477,1.0,66.32711436653975,206.9610372026777,-7.414147588049133,1.9313435788429756,0.4924892056398729,0.06071048389439939,-0.0018800024918759755,-2.426479154152637,-0.241709038568165,-0.2013397875928661,-0.015632764048267633,-0.09942929598984407,-0.04101015118464364,-0.014164921751163899
2.46,76.98407703823126,195.58132378194418,-6.998671460497807,2.3749971235109477,1.0,66.20114698431115,207.05718012713962,-7.419058597102879,1.9275953166807178,0.49246121302783163,0.06370427962241074,-0.0041901366013221055,-2.426695805822559,-0.24357813298760672,-0.17825360943035704,-0.016469414366262133,-0.2576430419856401,-0.007347249119674814,-0.01384799466599478
2.48,76.98407703823126,195.58132378194418,-6.998671460497807,2.3749971235109477,1.0,66.07751494769606,207.1431797261072,-7.423878559544013,1.9242425058047887,0.4924611668690133,0.06781080825058564,-0.008193473626170759,-2.4272131221781073,-0.23465777302995355,-0.1426697436455663,-0.005534034593656485,-0.08514862048455768,-0.016380567085039197,-0.022354231885453477
2.5,76.98407703823126,195.58132378194418,-6.998671460497807,2.3749971235109477,1.0,65.96695742962193,207.2333479153349,-7.428188794166786,1.920727176790063,0.49245248013489096,0.06722127675775857,-0.005764265400754906,-2.4286520820393096,-0.22910219647133778,-0.15913698654898673,-0.03509691774559046,-0.21859866220049112,0.05170419127853326,0.0345339388262555
2.52,76.98407703823126,195.58132378194418,-6.998671460497807,2.3749971235109477,1.0,65.85646743622895,207.323556651376,-7.432496396248384,1.9172102670028852,0.4924344265246831,0.06742117205225709,-0.004376732121021406,-2.429277300870908,-0.22679559693963236,-0.16295554374265944,-0.01855362133585591,-0.19450496386556684,-0.0068006505607499865,0.03171419354005668
2.54,76.98407703823126,195.58132378194418,-6.998671460497807,2.3749971235109477,1.0,65.74504233626502,207.41403187044844,-7.43684045472651,1.913682968013707,0.4923986079063726,0.0677521263306092,-0.0032304618443258657,-2.4297223456208488,-0.22736498301438093,-0.16747572284388654,-0.017298542293274908,-0.1623322500031339,-0.016297988899332427,0.029745826375171678
2.56,76.98407703823126,195.58132378194418,-6.998671460497807,2.3749971235109477,1.0,65.63313610797073,207.50455075771038,-7.441203270644416,1.9101539665609995,0.4923598710717242,0.06823416919372899,-0.0023022444069342807,-2.430080843600633,-0.22878683731718236,-0.17028950168191304,-0.017084824932997025,-0.15721158123782064,-0.019483142767664417,0.028430287799051997
2.58,76.98407703823126,195.58132378194418,-6.998671460497807,2.3749971235109477,1.0,65.52051157373383,207.59555956789066,-7.445594090692638,1.9066058647995843,0.49233722815614844,0.06874107537775546,-0.001454008917493979,-2.4304077623799407,-0.22527324430688572,-0.17188700485446304,-0.004135702517365143,-0.08892699073163736,-0.013813658113255776,0.022512165057272666
2.6,76.98407703823126,195.58132378194418,-6.998671460497807,2.3749971235109477,1.0,65.41454236145717,207.69103087616784,-7.449725443997771,1.9028837865041786,0.49196695532299284,0.06738089515426049,-0.0008412119313746552,-2.4300563880619905,-0.20192728513544114,-0.17542474430308957,-0.027311018110209237,0.17090938967574884,-0.03870530922163827,0.08778217210610972
2.62,76.98407703823126,195.58132378194418,-6.998671460497807,2.3749971235109477,1.0,65.30981315982143,207.78064023448448,-7.453808453808131,1.8993902442696118,0.49006555945390196,0.059746623699355066,0.0012829671138869447,-2.427572242518312,-0.2059157911778126,-0.1701443430959151,-0.16798983016422186,0.4994469951260766,0.2971188347784308,0.1692967137612808
2.64,76.98407703823126,195.58132378194418,-6.998671460497807,2.3749971235109477,1.0,65.18444589067087,207.84327108786636,-7.4586960666405115,1.896948495599752,0.4921668987148365,0.06212888787459865,0.007150605340447573,-2.422411109921201,-0.24404926758050438,-0.1410316841316056,-0.030196956920460524,0.17849138477630336,-0.017143907202613596,0.16270869284439193
2.66,76.98407703823126,195.58132378194418,-6.998671460497807,2.3749971235109477,1.0,65.06183949685486,207.93305260883665,-7.463476043007608,1.8934482413708902,0.4921701653618961,0.06235582415336394,0.006390101376592579,-2.4207572021833976,-0.23630583025848467,-0.1821524373597846,-0.01773404639203207,-0.12969186398592547,0.02001411190883219,0.02274119345654619
2.68,76.98407703823126,195.58132378194418,-6.998671460497807,2.3749971235109477,1.0,64.94153958855983,208.02512486623877,-7.468166097911897,1.889858679678801,0.49208299647053655,0.06516507399306994,0.002224082061258578,-2.4209796909746903,-0.23273340598165643,-0.17233454639675172,-0.03084203907160059,-0.292512470699472,0.11462411456849222,-0.023143806177537512
2.7,76.98407703823126,195.58132378194418,-6.998671460497807,2.3749971235109477,1.0,64.82904832505952,208.1140176523853,-7.472551722219902,1.8863930739810806,0.4916562929489998,0.06550738931186331,0.0002230202206887596,-2.420904734032128,-0.20969774006628014,-0.17889764104992434,-0.01722126608862183,0.0711812376277652,-0.0038711593357324647,0.030598756428273335
2.72,76.98407703823126,195.58132378194418,-6.998671460497807,2.3749971235109477,1.0,64.71951598750066,208.21152773936865,-7.476821988791397,1.8825915111357259,0.4917188944032478,0.06551419068636645,0.0007811881382346465,-2.4208329433155296,-0.2179844918295894,-0.1911644236805637,-0.020537234356484944,0.01951058968167456,0.012847761215455167,-0.0035342299665523692
2.74,76.98407703823126,195.58132378194418,-6.998671460497807,2.3749971235109477,1.0,64.60592744938147,208.31268716322717,-7.48125039183698,1.8786476739482578,0.4916292619549151,0.06483652687593462,0.0009859246288908296,-2.420761914398922,-0.2191287207160775,-0.20332485896788088,-0.02403348540955879,0.06568616336656131,0.002725860792024708,0.0013328518905734573
2.76,76.98407703823126,195.58132378194418,-6.998671460497807,2.3749971235109477,1.0,64.49215405124144,208.41681351582614,-7.485686001900919,1.8745881670243227,0.49148798896017504,0.06402641515179973,0.0014919411721791846,-2.420731371182392,-0.22134510837919288,-0.1989798743955509,-0.016470578901676476,0.03552322213331112,-0.010009677696691914,0.0017745625540596358
2.78,76.98407703823126,195.58132378194418,-6.998671460497807,2.3749971235109477,1.0,64.3779430466058,208.51733240493948,-7.490138672646948,1.870669301951678,0.4914251327875774,0.06387617271806952,0.0014179455446272056,-2.4206963354295534,-0.2195828532812483,-0.19360279355012516,-0.022975935684704612,-0.024422147488428678,0.011534382871688134,0.007728678507085236
2.8,76.98407703823126,195.58132378194418,-6.998671460497807,2.3749971235109477,1.0,64.26576962207199,208.6142063025382,-7.494511905572242,1.8668925418113766,0.4914312224597299,0.06367511810138117,0.0016892085633275194,-2.4205770074833457,-0.21501153347471116,-0.19192240229958835,-0.017629987723466238,0.03843568691037293,-0.007754262349258984,0.020156313579447988
2.82,76.98407703823126,195.58132378194418,-6.998671460497807,2.3749971235109477,1.0,64.15373899674601,208.7131547937037,-7.498879571276959,1.8630349008302645,0.4912840991227266,0.0634341197466398,0.0015156525520553005,-2.4204633728306515,-0.21378665501729338,-0.19295344103344012,-0.03130228907955839,-0.031331297118233986,0.018763046823116858,0.013669492764642736
2.84,76.98407703823126,195.58132378194418,-6.998671460497807,2.3749971235109477,1.0,64.04134435396325,208.8078582263787,-7.50326142869539,1.859342759205509,0.4914290307579725,0.06410378657182514,0.0011719218211526587,-2.4203896806357963,-0.21682924150438776,-0.18446413634759257,-0.014180257680841447,-0.029214501628212028,-0.0035544803469485468,0.0048743240267174175
2.86,76.98407703823126,195.58132378194418,-6.998671460497807,2.3749971235109477,1.0,63.93016873537871,208.90403131726072,-7.507595760803949,1.855593320964494,0.49143551736623214,0.06443205679488803,0.0007500804259079522,-2.4204121232162006,-0.21563800928905794,-0.18615437678418695,-0.013210539801726172,-0.00428358165403581,-0.006655476053911856,0.0019065011428873002
2.88,76.98407703823126,195.58132378194418,-6.998671460497807,2.3749971235109477,1.0,63.82052123096862,209.00099870426416,-7.511870517311165,1.8518129160130936,0.49141517340040153,0.06401141195118566,0.001166914070817162,-2.4204439704793463,-0.21106162041355792,-0.1936902531914469,-0.0162511813922475,0.05655544341127412,-0.013755445454445802,0.012987868640323042
2.9,76.98407703823126,195.58132378194418,-6.998671460497807,2.3749971235109477,1.0,63.71028485185924,209.0999748336208,-7.516168231896326,1.8479541975196574,0.4913685444579907,0.06368394495071468,0.0014734773437006454,-2.4203953314770312,-0.21577359520698505,-0.18904205055535098,-0.013593998075113956,0.0005253134143545887,-0.01108644520945531,-0.0006709539590013902
2.92,76.98407703823126,195.58132378194418,-6.998671460497807,2.3749971235109477,1.0,63.600279248001684,209.1967153517651,-7.520456949395646,1.844182637358085,0.49018553287072675,0.06181155817162871,0.00403070261708766,-2.4204172475509482,-0.20451308760839002,-0.19122211598670558,-0.10231129842364317,0.2695261687271519,-0.27436806103196676,0.01280945117305607
2.94,76.98407703823126,195.58132378194418,-6.998671460497807,2.3749971235109477,1.0,63.490429411956995,209.29628662726716,-7.524739594075751,1.8403007162858804,0.4873573537205954,0.06228228613719833,0.016689947647394694,-2.4203607332611425,-0.2230830738727281,-0.20447133242078122,-0.1214418041000834,0.43369325625152466,-0.21067860681987388,-0.001947846143677318
2.96,76.98407703823126,195.58132378194418,-6.998671460497807,2.3749971235109477,1.0,63.361928941270406,209.41948683934086,-7.529749359014799,1.8354975891095178,0.4902175836015108,0.05705074179501744,0.009491423399038149,-2.4195602850969715,-0.23182207650618664,-0.20681637388114088,-0.02988417681497817,0.0001086392803959918,-0.020024078769491534,-0.03477795739444981
2.98,76.98407703823126,195.58132378194418,-6.998671460497807,2.3749971235109477,1.0,63.23939160305138,209.52684415131426,-7.534526643155892,1.8313121188571435,0.4898065360908024,0.05816180969798049,0.007771715692883084,-2.420798479778572,-0.23310354034258773,-0.2016616610523129,-0.038048804930205016,-0.13347913821979795,-0.003017749986751159,-0.03383160967262869
3.0,76.98407703823126,195.58132378194418,-6.998671460497807,2.3749971235109477,1.0,63.12054430352224,209.62642932485576,-7.539160066139484,1.827429655951044,0.4893624674338399,0.058062389466597204,0.007863432463862645,-2.4211028883057417,-0.22336144142541764,-0.1983357397557112,-0.03832952585113617,0.13570659211322203,-0.03026354406490378,0.024338338100623406
3.02,76.98407703823126,195.58132378194418,-6.998671460497807,2.3749971235109477,1.0,63.001275840358325,209.72955829855923,-7.54380990875796,1.8234090331945727,0.4892322083820822,0.05794995635369388,0.009567115140991417,-2.4206746503865273,-0.2275821602003865,-0.20110244383046938,-0.03899740620360462,0.01672009270085428,-0.009711622449873131,0.027546964932694512
3.04,76.98407703823126,195.58132378194418,-6.998671460497807,2.3749971235109477,1.0,62.87940952410897,209.83114818803648,-7.548561032198481,1.8194484137217743,0.48891255768705755,0.05922228135120922,0.008331218009337211,-2.42064186427225,-0.23618035044733085,-0.1905812367572769,-0.016214775149569347,-0.14476695284589317,-0.030611127212026953,-0.017684154545129716
3.06,76.98407703823126,195.58132378194418,-6.998671460497807,2.3749971235109477,1.0,62.760563393910004,209.923112125997,-7.553194409594152,1.8158630750098628,0.48867038069234314,0.0571807890570846,0.011185490531233919,-2.4213083082796527,-0.2263574451776731,-0.18803182406021576,-0.06298383970453611,0.1503472102825356,-0.1706300873379315,-0.001925437336353599
3.08,76.98407703823126,195.58132378194418,-6.998671460497807,2.3749971235109477,1.0,62.644205383923364,210.02414822306204,-7.5577307842525006,1.8119240458845203,0.48825699251075516,0.055924948475739034,0.013787447491300878,-2.420375099967035,-0.2268168127485,-0.1965028369545099,-0.023575915216481984,0.10220451325449999,-0.05911000798567814,0.04658853054786005
3.1,76.98407703823126,195.58132378194418,-6.998671460497807,2.3749971235109477,1.0,62.52668576389369,210.1257281936464,-7.562312445852098,1.8079638131132005,0.4881019547979305,0.05521975985866063,0.015025454091528372,-2.4197281377480286,-0.227202686438907,-0.19726917732375246,-0.011191028056800348,0.037145505300321326,-0.01758442481376261,0.01724880933617213
3.12,76.98407703823126,195.58132378194418,-6.998671460497807,2.3749971235109477,1.0,62.41065609952469,210.2277457470436,-7.566836019511708,1.803986520583095,0.4881053757379566,0.0552796396291929,0.014971725408577566,-2.4197564228710564,-0.22539389461998457,-0.1965563046524741,-0.009305352858059663,-0.02917198805142222,-0.00970185741611539,-0.014276579902232753
3.14,76.98407703823126,195.58132378194418,-6.998671460497807,2.3749971235109477,1.0,62.295141029491084,210.3282408649037,-7.571339531013993,1.8000685822649638,0.4881606890638889,0.05617592317746833,0.014011453732627391,-2.4201717168378942,-0.2254762337691049,-0.19490668978234577,-0.005786249583297026,-0.09253067369262086,-0.005339738712191124,-0.037949491641022036
3.16,76.98407703823126,195.58132378194418,-6.998671460497807,2.3749971235109477,1.0,62.17857700896521,210.42811790834523,-7.5758839372723115,1.7961747404153905,0.48780383861465126,0.056737825133146465,0.011614362276097776,-2.420964679486388,-0.22906207129823206,-0.19332125509089695,-0.0758094163989966,0.02124512762878185,0.19808278111134053,-0.060312278432153144
3.18,76.98407703823126,195.58132378194418,-6.998671460497807,2.3749971235109477,1.0,62.06578733194651,210.53070217696995,-7.580281195635614,1.7921753537243683,0.486908914552025,0.0539172023971618,0.012204593231540955,-2.4221922121766264,-0.21742409653566724,-0.20815722891648253,-0.011469160848045671,-0.011478220061322073,-0.01608261035228282,-0.06573926718775068
3.2,76.98407703823126,195.58132378194418,-6.998671460497807,2.3749971235109477,1.0,61.954869721949656,210.6271833981342,-7.584605468929838,1.7884139026068528,0.48745689379575896,0.05508843072211883,0.013079998802653802,-2.421809918255348,-0.22585211116624757,-0.1975381297757505,-0.04224581895206393,0.026752258898354496,0.05951659064815272,0.0024446853973909694
3.22,76.98407703823126,195.58132378194418,-6.998671460497807,2.3749971235109477,1.0,61.837379785431715,210.72421097329556,-7.589185973277516,1.7846311511385746,0.48755595138036445,0.055233561431532,0.012904890448352203,-2.4213588360832965,-0.23147960222697,-0.19800352866816864,-0.021576228775461854,-0.043960551544670864,0.03141489116878629,-0.010299135879461187
3.24,76.98407703823126,195.58132378194418,-6.998671460497807,2.3749971235109477,1.0,61.72182188638246,210.8287162545913,-7.593691154527,1.7805568711660316,0.48727629295201835,0.05392278768163838,0.013508076823423252,-2.4216200409133566,-0.22504776460011644,-0.20748744859842633,-0.02517314919419787,0.10432255260510166,0.008727449021446287,-0.01382025157567673
3.26,76.98407703823126,195.58132378194418,-6.998671460497807,2.3749971235109477,1.0,61.60797449463008,210.9346997660776,-7.598129649332161,1.7764249603868365,0.4860721056331813,0.052488329814367365,0.017869966009795006,-2.42163640737585,-0.21996092489131513,-0.2086556487362858,-0.11585031772210141,0.33999432268347723,-0.27332552097167995,0.009381562255757118
3.28,76.98407703823126,195.58132378194418,-6.998671460497807,2.3749971235109477,1.0,61.486011462455,211.0584729438933,-7.602884543374074,1.771599495364784,0.48632255635110017,0.047822247355419664,0.019039085837443348,-2.421068218677973,-0.22985884315317565,-0.23863880274850066,-0.05744259221254802,0.19945596263470283,0.02656859562770545,-0.037017839496485586
3.3,76.98407703823126,195.58132378194418,-6.998671460497807,2.3749971235109477,1.0,61.36651458457548,211.17903935706286,-7.607543291049689,1.7668990504069053,0.48575233901452997,0.04557926855759454,0.02135588841371156,-2.4213421476420374,-0.2324331403244505,-0.23265059202455068,-0.05246349467814978,0.1324406368141161,-0.07253906535989137,-0.004299340544531202
3.32,76.98407703823126,195.58132378194418,-6.998671460497807,2.3749971235109477,1.0,61.2510215835444,211.3104832182455,-7.612045942162012,1.7617745334017338,0.4859445027205967,0.04780542348619867,0.021025106410039997,-2.420397927892581,-0.23081910481244006,-0.24047893412288798,-0.037832043690584655,-0.07021434331876222,0.02867562481498294,-0.045092081791010694
3.34,76.98407703823126,195.58132378194418,-6.998671460497807,2.3749971235109477,1.0,61.13029744890653,211.42703675195008,-7.616752536105008,1.7572305359863525,0.4855894855860411,0.04968255407417234,0.018203013559794996,-2.4212602247292665,-0.23665116013632723,-0.21547375014716408,-0.03446980325086229,-0.21276999841426947,0.06338772365013604,-0.05643061087787207
3.36,76.98407703823126,195.58132378194418,-6.998671460497807,2.3749971235109477,1.0,61.01111853708135,211.53123924052252,-7.621398887443222,1.753168060798343,0.4847915649654706,0.047604635566354435,0.01966873967528972,-2.421934280243799,-0.23269914098096744,-0.20578516980363215,-0.027319618023638303,0.12750396711411366,-0.04439076240374429,-0.0166668845853938
3.38,76.98407703823126,195.58132378194418,-6.998671460497807,2.3749971235109477,1.0,60.8956386695573,211.6371821637299,-7.6259010265279805,1.749037732408191,0.48347623454417665,0.04814733082277284,0.024611874727385456,-2.4219550922294517,-0.228323350625192,-0.2038602152908313,-0.12240604984697541,0.31179221894816167,-0.36910300713215766,0.010744776938032342
3.4,76.98407703823126,195.58132378194418,-6.998671460497807,2.3749971235109477,1.0,60.77046557246714,211.7686910772896,-7.630781069299527,1.7439106792479697,0.4839175805621932,0.04357480050758627,0.026748757062916424,-2.4207708885955803,-0.23354953318502153,-0.23855392536613995,-0.0367621687183518,0.26051805188348004,-0.05390686787545942,-0.001995340772558439
3.42,76.98407703823126,195.58132378194418,-6.998671460497807,2.3749971235109477,1.0,60.64909710471021,211.88950766046685,-7.635512783442097,1.7392004810734172,0.48354050672779536,0.04094675606673895,0.030759770355641636,-2.4204550992918534,-0.23969731836931904,-0.23301573243980056,-0.0289700352989716,0.22033694482871352,-0.04676459971605977,0.012110585679295483
3.44,76.98407703823126,195.58132378194418,-6.998671460497807,2.3749971235109477,1.0,60.52673488638971,212.00770724168606,-7.640283240296697,1.7345923102656509,0.48336117715155524,0.038471952812007694,0.0337312969938671,-2.4204219081406464,-0.23870019674240936,-0.22602882827419704,-0.01582037453948147,0.18097216708426758,-0.006016163765469236,-0.0016675660774213845
3.46,76.98407703823126,195.58132378194418,-6.998671460497807,2.3749971235109477,1.0,60.40559590834141,212.1220341090422,-7.64500600747207,1.730135122454495,0.48325950698972264,0.03647560005143473,0.035961621596791615,-2.4204588096755764,-0.23695903586575237,-0.21916096166143467,-0.014327030608060936,0.13805975978890145,-0.0006320173628606863,-0.0049497508673048
3.48,76.98407703823126,195.58132378194418,-6.998671460497807,2.3749971235109477,1.0,60.28488345341839,212.23312521668248,-7.64971214606556,1.725804085119591,0.4831677015006373,0.03500105694891831,0.03752933388911895,-2.4205446603969336,-0.23782700136299617,-0.2133723027752039,-0.021891162813905147,0.10504387797441293,0.03282965470608554,-0.006893868712210791
3.5,76.98407703823126,195.58132378194418,-6.998671460497807,2.3749971235109477,1.0,60.16081308611787,212.34267413318378,-7.654549197422305,1.721533172195563,0.48274617316833524,0.03424792553977662,0.036853940986185614,-2.420546900924647,-0.24370537640651913,-0.2119403503286818,-0.018246401636358364,-0.08668725504901886,0.05771268065535423,0.014189745263370482
3.52,76.98407703823126,195.58132378194418,-6.998671460497807,2.3749971235109477,1.0,60.034401711387495,212.44829432443075,-7.659477516125244,1.7174154259481187,0.48221883210768446,0.035389104721463976,0.03488137442438159,-2.419748336662797,-0.25959144319654887,-0.20512112718262746,-0.05954780576730674,-0.08621081876872783,0.1153872656109447,0.021980157045312518
3.54,76.98407703823126,195.58132378194418,-6.998671460497807,2.3749971235109477,1.0,59.89456521841029,212.5424703756599,-7.664929231251061,1.7137438450035136,0.4816855803641908,0.03554046715338179,0.032322153077195846,-2.4176044023707104,-0.2755474103817511,-0.2039541841202147,-0.08376965514679963,-0.16991963548946798,0.1165664697839976,0.015828742556672458
3.56,76.98407703823126,195.58132378194418,-6.998671460497807,2.3749971235109477,1.0,59.75794970460484,212.6483625882169,-7.670255372140162,1.7096154936367682,0.4824605697846919,0.041013649362821286,0.027748817916998163,-2.416812107836584,-0.261934815754905,-0.20460997424090252,-0.027347338001248854,-0.343730121275441,0.07948303357221764,0.04461872348104119
3.58,76.98407703823126,195.58132378194418,-6.998671460497807,2.3749971235109477,1.0,59.63265305308317,212.7476650596188,-7.6751402318486095,1.7057440522565768,0.48109729362984566,0.04466047218220336,0.027447107251057836,-2.4157330737926674,-0.23265383979137813,-0.18839519804611987,-0.11914714961190183,0.27374395613155383,-0.2264457812286052,-0.000379535340918115
3.6,76.98407703823126,195.58132378194418,-6.998671460497807,2.3749971235109477,1.0,59.51030947110403,212.85882161012066,-7.679909962140194,1.7014104635430534,0.4812466118283465,0.03868647675043236,0.028985818509863828,-2.4181339033951073,-0.2578660617667534,-0.21344494537576486,-0.07450682641183685,0.2711572364526844,-0.09498159790363989,-0.03035628427230304
3.62,76.98407703823126,195.58132378194418,-6.998671460497807,2.3749971235109477,1.0,59.381059730606154,212.97831822599136,-7.684948938377928,1.6967517260822076,0.4810598050162699,0.03566234617099368,0.03108046561478806,-2.4186956327203424,-0.25042097518950424,-0.2395283744109583,-0.034443860627721576,0.13372391075976076,-0.013469144802627725,0.01913159030757897
3.64,76.98407703823126,195.58132378194418,-6.998671460497807,2.3749971235109477,1.0,59.25186307020831,213.09986528631953,-7.68998584521605,1.6920130492662953,0.4807258669954464,0.03418582516032371,0.0327026146681319,-2.418552045105186,-0.25385090872767624,-0.23451156167401505,-0.0331170530352264,0.09761345850716649,-0.005962712264889267,0.006179865357077532
3.66,76.98407703823126,195.58132378194418,-6.998671460497807,2.3749971235109477,1.0,59.122906972370416,213.21857396228404,-7.695013373396865,1.6873850307101725,0.47992047942661215,0.03368992351531003,0.03419464774783924,-2.4183584234225957,-0.24961911024814143,-0.22949691140865594,-0.11084208811987899,0.057669657730185606,-0.0681966662796046,0.019048224335303697
3.69,76.98407703823126,195.58132378194418,-6.998671460497807,2.3749971235109477,1.0,58.99338054669662,213.33406413386874,-7.700063136581028,1.6828824899076513,0.47864835914352327,0.03566681926823172,0.03665655199451772,-2.4163178722192225,-0.2578499231389324,-0.21945662034968522,-0.12722152230877123,-0.010365568500128531,-0.32516613174114145,0.1415279352708769
3.71,76.98407703823126,195.58132378194418,-6.998671460497807,2.3749971235109477,1.0,58.85313753349389,213.46319884102724,-7.705530700448581,1.6778479984004984,0.4788202237996773,0.03560023588921509,0.032465023686991924,-2.4144509409392594,-0.26804442570537385,-0.26323637629581076,-0.05766739370591931,-0.3268810980076722,-0.017870206843357606,0.11235886035769108
3.73,76.98407703823126,195.58132378194418,-6.998671460497807,2.3749971235109477,1.0,58.713309976614916,213.58294098512775,-7.710982067188502,1.6731796886889767,0.4778321289278823,0.035709008228506985,0.028528108126893062,-2.4138987103152396,-0.26240507351025283,-0.21328049989819753,-0.13954345518644623,0.2629917892162451,0.19368520926131746,-0.0934516370536487
3.75,76.98407703823126,195.58132378194418,-6.998671460497807,2.3749971235109477,1.0,58.583046476896065,213.6976159678011,-7.7160605662028825,1.668708929130561,0.4779066780055117,0.034229426305238786,0.033449775244657025,-2.4139511410441683,-0.24695295731632724,-0.23658000041762553,-0.04469261950157721,0.19707199143508392,0.007849801519814476,0.035077306301276714
3.77,76.98407703823126,195.58132378194418,-6.998671460497807,2.3749971235109477,1.0,58.45818775597721,213.82053681036098,-7.720928352593481,1.6639166935531786,0.47745872611323104,0.03161681694655079,0.03513839245767137,-2.4138471702093787,-0.24166965105939894,-0.2353185786196602,-0.03497451725187073,0.1373273944556748,0.01292365862875553,0.008779080191380557
3.79,76.98407703823126,195.58132378194418,-6.998671460497807,2.3749971235109477,1.0,58.334869277797424,213.9394714418962,-7.725736090534213,1.6592798658130146,0.47711596593778566,0.02970270751053405,0.03635503113748123,-2.413809455420599,-0.2395756873186627,-0.22671706968707572,-0.029029788839301365,0.0975943717038979,-0.0021171899218274844,0.007922071127502331
3.81,76.98407703823126,195.58132378194418,-6.998671460497807,2.3749971235109477,1.0,58.21224184782324,214.05435330304033,-7.730516887024435,1.6548010408171403,0.47690300542547953,0.028446343590747436,0.03715767566031367,-2.4137713331308452,-0.23801782840445795,-0.2202349777112847,-0.025875777482078872,0.059684958157050425,0.007624516799631675,0.003186767246750294
3.83,76.98407703823126,195.58132378194418,-6.998671460497807,2.3749971235109477,1.0,58.09072233220375,214.16718899097552,-7.735254489972563,1.6504019886559258,0.4754976059331333,0.025308621330284758,0.03563830545069828,-2.413644776580149,-0.23248776963624257,-0.22091120128839345,-0.1508921894512335,0.0787313796696893,0.3212066055118946,0.015992202298554952
3.85,76.98407703823126,195.58132378194418,-6.998671460497807,2.3749971235109477,1.0,57.96449968948311,214.26777734250012,-7.740175450702413,1.6464804154970711,0.4764801067351132,0.028260939537813157,0.03583959087959788,-2.412995778767872,-0.2428774235256013,-0.20036579029437832,-0.025226262940725063,-0.10470038187819865,0.030489541225662983,0.009264459255598883
3.87,76.98407703823126,195.58132378194418,-6.998671460497807,2.3749971235109477,1.0,57.84252053971769,214.37017721413923,-7.744930973110422,1.6424882177723488,0.47633726573127605,0.029720535837444752,0.03328586912065061,-2.413080592497712,-0.2351545229112184,-0.19407752414133214,-0.024300725457422557,-0.1512040346915129,0.04284935951601179,-0.006319844976247974
3.89,76.98407703823126,195.58132378194418,-6.998671460497807,2.3749971235109477,1.0,57.72365003994781,214.46673948607085,-7.74956530058683,1.6387236067808624,0.47584728472289,0.0322766241124765,0.03140989029617115,-2.4129525087144854,-0.22522444990527582,-0.1754083392809398,-0.06659971709593226,0.04884366556317732,-0.13709921813541157,-0.0072590524196606875
3.91,76.98407703823126,195.58132378194418,-6.998671460497807,2.3749971235109477,1.0,57.60643797598319,214.5632406799696,-7.754134971696562,1.6349613769992364,0.47324510961073,0.03125671145350618,0.03942809470677902,-2.4137038819107954,-0.2333641587783995,-0.1976223272609405,-0.2036144511104425,0.44493748549466344,-0.32062757735499825,-0.020191971173004107
3.93,76.98407703823126,195.58132378194418,-6.998671460497807,2.3749971235109477,1.0,57.4717932411559,214.69064674598368,-7.759384279097236,1.6299942789090185,0.4729775193585165,0.02089125190093251,0.036283001268619594,-2.4123355015199683,-0.23697050163147274,-0.26645759731853313,-0.05302586499557139,0.005135147588542069,-0.02013195413260337,0.07843930649797637
3.95,76.98407703823126,195.58132378194418,-6.998671460497807,2.3749971235109477,1.0,57.343828575463846,214.8115716093506,-7.764373154952676,1.6252798592845763,0.4730119644297025,0.024822848584242507,0.038961353328230405,-2.4112039303227157,-0.2594742489589459,-0.2179377241822677,-0.10525338841392676,0.024170057594462363,-0.08886603178119179,0.06759117144664697
3.97,76.98407703823126,195.58132378194418,-6.998671460497807,2.3749971235109477,1.0,57.21071989357348,214.93470183302864,-7.769562577248597,1.6204794607006374,0.4731247750903685,0.0241544058040625,0.036753310748619795,-2.4108911528883756,-0.2500752007153919,-0.2200843089409708,-0.05849477735435321,-0.03493314169592542,0.01101256049413815,0.0001118545000730279
3.99,76.98407703823126,195.58132378194418,-6.998671460497807,2.3749971235109477,1.0,57.08373035818076,215.04604674728094,-7.7745134363282355,1.6161385283711134,0.47234752137054203,0.024778011094277852,0.03562401921640687,-2.4109245088712727,-0.24333815481545165,-0.21060424450174883,-0.05508121379688968,-0.0726135962492965,0.015574878783063403,-0.0008242782949595667
4.01,76.98407703823126,195.58132378194418,-6.998671460497807,2.3749971235109477,1.0,56.96141456094981,215.15120649454187,-7.7792820833937695,1.6120387331562627,0.47159781365859943,0.023718512347512936,0.0362000469697503,-2.411091456369448,-0.22469399453129943,-0.21512242291015804,-0.043042582816483196,0.1083483586396939,0.0006967724465742932,0.003261825814781952
4.03,76.98407703823126,195.58132378194418,-6.998671460497807,2.3749971235109477,1.0,56.8443009719422,215.2624648949953,-7.783847915323891,1.6077011736843927,0.4711613978229273,0.022490248687045005,0.03717378000861741,-2.4110574654925965,-0.23022642730809803,-0.21469808139958801,-0.03632521504417136,0.06648893940549841,0.003044585627165769,0.005388472433456812
4.05,76.98407703823126,195.58132378194418,-6.998671460497807,2.3749971235109477,1.0,56.725367159796726,215.37250142278614,-7.788484711119036,1.603411250573639,0.4707785187242286,0.021752208169221625,0.03758487344499075,-2.411047593174528,-0.23159883389485753,-0.2114575130946324,-0.0348680798508891,0.028581221226060424,0.006629379917356564,0.0035495879265266617
4.07,76.98407703823126,195.58132378194418,-6.998671460497807,2.3749971235109477,1.0,56.60812641498893,215.47815985443623,-7.793055500390295,1.5992920134722721,0.4696149317559053,0.022578120769487998,0.03987437392253187,-2.4106672702062073,-0.22439173335863757,-0.19683666186156068,-0.11582455838000905,0.21495422684051424,-0.24430959705508581,0.010183406649995617
4.09,76.98407703823126,195.58132378194418,-6.998671460497807,2.3749971235109477,1.0,56.484430457474474,215.58859288360685,-7.79787795487429,1.5949866322180568,0.46644659956078205,0.010581750897931287,0.03873817583391826,-2.408688898582323,-0.22772648404615578,-0.21926400089024442,-0.2453390131859447,0.38009630956390017,0.41597253544226775,0.12707172127476407
4.11,76.98407703823126,195.58132378194418,-6.998671460497807,2.3749971235109477,1.0,56.36309761540754,215.70197885051368,-7.8026082801010705,1.5905661266856264,0.46904051424954796,0.012354156309617725,0.04879201074544244,-2.4083330656962274,-0.24524048626150569,-0.22120127899350248,-0.0511155304916754,0.40013840329961353,-0.06484298568163889,0.06684378749121848
4.13,76.98407703823126,195.58132378194418,-6.998671460497807,2.3749971235109477,1.0,56.23945597987339,215.8298789902957,-7.8074286167690685,1.585579766460206,0.46789217211031914,0.008546246363517253,0.05372617057510318,-2.407611795105744,-0.23967622495314905,-0.2598071453848589,-0.08864513719534486,0.2609078818991789,-0.0812237974424136,0.049750742197465336
4.15,76.98407703823126,195.58132378194418,-6.998671460497807,2.3749971235109477,1.0,56.11334346402065,215.96215280157418,-7.812345284053776,1.5804228927261528,0.467293309091088,0.004774252799034135,0.057304642502168754,-2.4075631065712266,-0.24497259207657682,-0.24837519166812339,-0.09741210474084837,0.2886084696735702,0.07359211415409997,0.02040015101702741
4.17,76.98407703823126,195.58132378194418,-6.998671460497807,2.3749971235109477,1.0,55.98631138918316,216.08649662671428,-7.8172978015913,1.575575180245057,0.46616818670864074,0.001966687575913732,0.05905330318406738,-2.4074742476079587,-0.24640239538675768,-0.2314481039886538,-0.050203219549597215,0.08773895312064743,-0.00033101988594721153,0.004489328976448915
4.19,76.98407703823126,195.58132378194418,-6.998671460497807,2.3749971235109477,1.0,55.859175912474704,216.2011460028853,-7.82225435039085,1.571105418990825,0.4660357147346082,0.0021599457081284486,0.05975171453604318,-2.407593313278692,-0.240335924299553,-0.21337603622126516,-0.04030355283554734,0.013195183059469505,0.036798499035385096,0.01506038374707145
4.21,76.98407703823126,195.58132378194418,-6.998671460497807,2.3749971235109477,1.0,55.73968752526219,216.31051602689257,-7.826912767046308,1.5668414804330375,0.4655168971664204,0.001679896279092932,0.05874850982011561,-2.407579231547328,-0.22734369385205544,-0.20710199611313207,-0.03769733917565016,-0.024717454889105622,0.05284664324942172,0.00349710503942659
4.23,76.98407703823126,195.58132378194418,-6.998671460497807,2.3749971235109477,1.0,55.62394627374628,216.41579870881782,-7.831425096540106,1.5627368924437497,0.46507135985960135,0.0014968853980440618,0.05727811898139582,-2.4075868134153935,-0.2230847661100226,-0.20034835403306106,-0.03664565958834039,-0.049878601115522725,0.05457770891730285,0.003262612401490948
4.25,76.98407703823126,195.58132378194418,-6.998671460497807,2.3749971235109477,1.0,55.509552341774445,216.5182302822225,-7.835884898956162,1.5587434587827487,0.4646594763533656,0.0016736798808752926,0.055443038405075716,-2.4075922141206108,-0.22132371994337663,-0.19552235621110572,-0.035261234047482735,-0.07574941072124758,0.056490047850084185,0.002253852620063214
4.27,76.98407703823126,195.58132378194418,-6.998671460497807,2.3749971235109477,1.0,55.39771974432749,216.61726835616858,-7.840244844275731,1.5548823252955721,0.46265661990574414,0.005895205171270809,0.05649404063429348,-2.406938012979287,-0.21919812847023576,-0.19269288146549296,-0.16578049684592883,-0.1504973964449348,-0.34913295976564324,0.02555854901843162
4.29,76.98407703823126,195.58132378194418,-6.998671460497807,2.3749971235109477,1.0,55.261997322563616,216.73112273910456,-7.8455361667616526,1.5504435579296463,0.4637497684755067,0.00796332047010577,0.046499777281340866,-2.406213307635758,-0.23724439893124769,-0.18752481609359628,-0.02549320505120486,-0.40298614316259707,0.025509115265644283,0.03782526482945808
4.31,76.98407703823126,195.58132378194418,-6.998671460497807,2.3749971235109477,1.0,55.14457545691319,216.82281429439917,-7.85011401727434,1.5468688384249853,0.4634667441253698,0.008141672373315527,0.04594308908293693,-2.405556580616599,-0.22052931429484932,-0.19595500990840017,-0.030679854376125654,0.019610790418150288,-0.027572073955668765,0.02273477180419428
4.33,76.98407703823126,195.58132378194418,-6.998671460497807,2.3749971235109477,1.0,55.030029305833466,216.9260256891185,-7.854579754158539,1.542845002373548,0.4631559910513342,0.008412359968115778,0.04597741746825137,-2.4055282696845413,-0.22463020938284908,-0.19814902231316436,-0.02929170274550791,-0.015569334597878171,-0.014699150994085815,-0.004310390497206608
4.35,76.98407703823126,195.58132378194418,-6.998671460497807,2.3749971235109477,1.0,54.914735018400016,217.02738401932325,-7.859074658152046,1.5388934105526983,0.4628768967539032,0.008745348303402713,0.04595061819560058,-2.4054128405754933,-0.2231284507164254,-0.1977444517581281,-0.02855650900495043,-0.03257728268408376,-0.015733926726956796,0.0005614171204883049
4.37,76.98407703823126,195.58132378194418,-6.998671460497807,2.3749971235109477,1.0,54.7993695391414,217.12241389175122,-7.863572337655306,1.5351885422319222,0.46147210220470125,0.005012859267302372,0.04665146228048414,-2.4048213867367014,-0.22487185622352115,-0.18503982037941438,-0.13838446009634303,0.30730987614674454,0.21969664566955266,0.06484282080754092
4.39,76.98407703823126,195.58132378194418,-6.998671460497807,2.3749971235109477,1.0,54.683637868697126,217.22509182293757,-7.868084293618046,1.5311855039790419,0.46186205903522576,0.004989515659054156,0.050292516926447366,-2.404516566842239,-0.2295489955935344,-0.19709938031060903,-0.038155830268796515,0.1147815833601086,-0.020912917993046017,0.027276371044116766
4.41,76.98407703823126,195.58132378194418,-6.998671460497807,2.3749971235109477,1.0,54.56742222656974,217.33344265978982,-7.872615117872525,1.526961299813263,0.46074497605793324,0.0027740945150114566,0.05007687899268514,-2.4042437173012123,-0.22466570290540172,-0.21361818488819287,-0.12947351473827332,0.08485343956901759,0.24018059773623668,0.028384575390311473
4.43,76.98407703823126,195.58132378194418,-6.998671460497807,2.3749971235109477,1.0,54.44743760156656,217.43386914100006,-7.877292881030543,1.5230460373879118,0.4608616738360706,0.004478745562607372,0.05033939925229991,-2.403682692323368,-0.23460366731638918,-0.17971572239726497,-0.03627546144879581,-0.04266263452032261,0.006820784921288298,0.0423381982819763
4.45,76.98407703823126,195.58132378194418,-6.998671460497807,2.3749971235109477,1.0,54.330161811794056,217.53323691471343,-7.88186503657723,1.5191720501086377,0.4604569788379791,0.005676346624629592,0.04857083827955349,-2.403514908848716,-0.22513615756878824,-0.1916899111153257,-0.03453674778438725,-0.11892381187836945,0.02022830431517137,-0.010505954620653596
4.47,76.98407703823126,195.58132378194418,-6.998671460497807,2.3749971235109477,1.0,54.21494752587282,217.6307954151634,-7.886356821603399,1.515368599798699,0.4600494298307207,0.007097020081506694,0.04649967412853495,-2.4035478436874924,-0.22205168758649882,-0.18161927308849343,-0.029667223285719482,0.04269134338623899,0.016254951580410206,0.0029456261534195455
4.49,76.98407703823126,195.58132378194418,-6.998671460497807,2.3749971235109477,1.0,54.104038191680544,217.73455378491968,-7.89068077225417,1.5113234391844175,0.4593343830932709,0.005604005850536489,0.04764411333368412,-2.403234885627855,-0.21205860430070317,-0.21100506793869653,-0.05246223579107456,0.07056928913855928,-0.008399044000199397,0.013841012669705995
4.51,76.98407703823126,195.58132378194418,-6.998671460497807,2.3749971235109477,1.0,53.99146296649596,217.8432471880253,-7.895069669922185,1.5070858796091493,0.45871468672729193,0.004474078773754524,0.04823040877274158,-2.4031800646031853,-0.2205314724442384,-0.19922692361582228,-0.04560097086773875,0.07654691866994154,-0.002205230246885138,0.008567741129384951
4.53,76.98407703823126,195.58132378194418,-6.998671460497807,2.3749971235109477,1.0,53.8771918532108,217.94945819508843,-7.899524684085349,1.502945099606689,0.45821978118769835,0.003773614180796355,0.04864623955675662,-2.4032384407387246,-0.22152975107006398,-0.20460889096431908,-0.04030495231007178,0.027545384169731013,0.0008715490072689399,0.003794857358512474
4.55,76.98407703823126,195.58132378194418,-6.998671460497807,2.3749971235109477,1.0,53.76400653886986,218.0563348537337,-7.903937366905659,1.4987783682754905,0.45765566677366915,0.0029032501044786397,0.04919226169676974,-2.403235307204934,-0.21544696216269474,-0.2120246745498674,-0.042095335330294595,0.11453312682283201,-0.003086599178464251,0.007533313831096953
4.57,76.98407703823126,195.58132378194418,-6.998671460497807,2.3749971235109477,1.0,53.65133060803455,218.16601189951385,-7.908330190719901,1.4945024600579397,0.4570241782942285,0.001395925276317386,0.05044502844404808,-2.4032285204504036,-0.22076692209483767,-0.2104815468345016,-0.04187859953313705,0.09146349576573984,-0.005063899736397514,0.003850397010510543
4.59,76.98407703823126,195.58132378194418,-6.998671460497807,2.3749971235109477,1.0,53.53764179472259,218.27343883318147,-7.9127625031297235,1.4903142755094931,0.4566350095744848,0.0005577292241481384,0.051649683780859566,-2.403224592131087,-0.22112390506656518,-0.20610786113260612,-0.02804818437629087,0.061999925278518254,-0.03195787462982679,-0.0033689446044007183
4.61,76.98407703823126,195.58132378194418,-6.998671460497807,2.3749971235109477,1.0,53.42356426240234,218.37927219044732,-7.917209970276712,1.4861882186960118,0.45629373372499027,0.00011214042083058377,0.05250764860116443,-2.403221290126546,-0.22159899451813336,-0.20334651358500647,-0.026202361371577335,0.03509636419653896,-0.03024248647807675,-0.00414784743995071
4.63,76.98407703823126,195.58132378194418,-6.998671460497807,2.3749971235109477,1.0,53.309453097050024,218.4837234141966,-7.92165874865302,1.482116046230152,0.4559732359181376,-9.065561009048234e-05,0.05309243343081285,-2.403214991681787,-0.21956870565945605,-0.20191790805371082,-0.025468805510626857,0.07396557536735766,-0.03294525831414894,0.001686539158572546
4.65,76.98407703823126,195.58132378194418,-6.998671460497807,2.3749971235109477,1.0,53.195883010911174,218.5890199363927,-7.926086432323151,1.4780109186591541,0.4551658482758456,-0.0016327025448598423,0.05340798276643949,-2.4030192021994496,-0.22413514745141846,-0.20533279514973377,-0.10290414378727333,0.08714800367201596,0.1814911434956759,0.025374392833892125
4.67,76.98407703823126,195.58132378194418,-6.998671460497807,2.3749971235109477,1.0,53.07256121470797,218.6897202623393,-7.930894299621522,1.4740849800257578,0.45452240848155784,-0.002595707093790949,0.05468474330428688,-2.4025044994618336,-0.2091981657679599,-0.21170879846507143,-0.06856845064015735,-0.0027291365430529464,0.06167414903074092,-0.013765686524282342
4.69,76.98407703823126,195.58132378194418,-6.998671460497807,2.3749971235109477,1.0,52.96269212931689,218.79529105878908,-7.935177694763474,1.4699691595014015,0.452426350181567,-0.009157893593703762,0.056055831821327784,-2.4032071659247536,-0.19702373216969138,-0.21689370764913657,-0.10581300743181453,0.3013067245493256,-0.11328915515168762,-0.03714856316399443
4.71,76.98407703823126,195.58132378194418,-6.998671460497807,2.3749971235109477,1.0,52.85175560165182,218.9121327966704,-7.939502705588623,1.465413926055736,0.4520622617725823,-0.010788104568965805,0.05892211255858914,-2.4040683801737934,-0.21876867463034186,-0.2251793419291841,-0.042372946173092195,0.10063756942829995,-0.005500233651640651,-0.04256527829390733
4.73,76.98407703823126,195.58132378194418,-6.998671460497807,2.3749971235109477,1.0,52.72698152364087,219.0297961794348,-7.944367192060785,1.4608266596711583,0.4528263265889485,-0.010169059551039299,0.062121767433744576,-2.404781981603376,-0.2239642791024071,-0.21210931403547822,-0.04770601226063102,0.11129678490135152,0.010180454690753283,0.025547736758521677
4.75,76.98407703823126,195.58132378194418,-6.998671460497807,2.3749971235109477,1.0,52.61178616316734,219.14036761387345,-7.948858239252735,1.4565158825000606,0.45212387030443446,-0.01174537299160388,0.06306961700235782,-2.404625268970676,-0.22287368018198475,-0.2133398114968049,-0.04384407229410051,0.08108568423384077,0.010086474234915068,0.0013925234372571221
4.77,76.98407703823126,195.58132378194418,-6.998671460497807,2.3749971235109477,1.0,52.49695421136891,219.25060493412045,-7.95333511846515,1.4522181312233737,0.4514388660080133,-0.012986324087163695,0.06343851401914614,-2.404700422504547,-0.22296435104467585,-0.21414562755680516,-0.029201424492173955,0.0028724160663608977,0.04700372972035497,-0.016684549946351632
4.79,76.98407703823126,195.58132378194418,-6.998671460497807,2.3749971235109477,1.0,52.38186091365125,219.3608833574841,-7.95782218660229,1.4479187774859987,0.4509947595250399,-0.012157215644301823,0.06096548339645405,-2.4057651837795846,-0.22367697996748515,-0.21446018847863738,-0.028023673481343502,-0.20560541286569853,0.05490498580949208,-0.09563786126972115
4.81,76.98407703823126,195.58132378194418,-6.998671460497807,2.3749971235109477,1.0,52.26669493932093,219.47251408052105,-7.962312088135636,1.4435667025137988,0.45031610421391444,-0.00916710997740869,0.0572169605613387,-2.4078609871768055,-0.2262578747883888,-0.21933112539574048,-0.031645425524257094,-0.24638167996070662,0.054857017348965635,-0.1388206303439933
4.83,76.98407703823126,195.58132378194418,-6.998671460497807,2.3749971235109477,1.0,52.14802273999885,219.57929085102057,-7.966938684600435,1.439403865457286,0.44970524647176996,-0.008772795602330725,0.055615305888311185,-2.4096789122455164,-0.2320273926014921,-0.20210791474903492,-0.042247634995982206,0.06465575134435887,0.011653526071705004,-0.04119320752207668
4.85,76.98407703823126,195.58132378194418,-6.998671460497807,2.3749971235109477,1.0,52.03217697225432,219.68880859071308,-7.971455088801001,1.4351341680033893,0.44925623331583237,-0.00987074693121259,0.05528412543900244,-2.409618060669631,-0.22086391774413155,-0.21014261490116462,-0.02628188438133037,0.08441942679069935,-0.01201154682025677,-0.00012332488286572732
4.87,76.98407703823126,195.58132378194418,-6.998671460497807,2.3749971235109477,1.0,51.91702203295409,219.79700496150934,-7.975944560118749,1.430915985906069,0.4488449446220835,-0.010800238452759086,0.05607634166891392,-2.4096613160291867,-0.22502775000494615,-0.20940924363035243,-0.02187184498769628,0.07444824567142541,0.006207138831969563,-0.0032846656281686525
4.89,76.98407703823126,195.58132378194418,-6.998671460497807,2.3749971235109477,1.0,51.80180563767528,219.9057130202455,-7.980436427381081,1.4266778549611872,0.4484243534962587,-0.011728476794233961,0.056882563312906816,-2.409883395764188,-0.22566494377533977,-0.20963283810439898,-0.024825065246924922,0.0706140994523687,-0.008539139353463928,-0.004284458020541818
4.91,76.98407703823126,195.58132378194418,-6.998671460497807,2.3749971235109477,1.0,51.684218315715015,220.01534016598703,-7.985020728432163,1.42240389216425,0.4481136813298816,-0.012930985327207703,0.05738296760245538,-2.410171966703257,-0.22814516346347968,-0.2184020910949601,-0.024391758140425053,0.03943675508846981,0.008517864732572272,-0.039281015778270784
4.93,76.98407703823126,195.58132378194418,-6.998671460497807,2.3749971235109477,1.0,51.566429746129316,220.1284766873653,-7.9896128753945685,1.4179931116036928,0.44771365527392876,-0.013829483504710088,0.05790668016433983,-2.4112006071633725,-0.23225704995303526,-0.22173345387852822,-0.027561337083773077,0.0722129853707361,0.011618546410988948,-0.06699863677484773
4.95,76.98407703823126,195.58132378194418,-6.998671460497807,2.3749971235109477,1.0,51.44733351890412,220.24442260141237,-7.994256003161633,1.4134728030638446,0.44717120370984786,-0.01440450581974061,0.058632668917856255,-2.4127614920145386,-0.2287788907578101,-0.22921269841579267,-0.06078301000538355,0.012479621719455089,-0.08734784513640331,-0.08791214596207547
4.97,76.98407703823126,195.58132378194418,-6.998671460497807,2.3749971235109477,1.0,51.324596268187754,220.36392099083028,-7.999041081162271,1.4088139964588593,0.4467232453124454,-0.014725439782222873,0.058499934069465784,-2.4143434663538272,-0.2422665341237334,-0.21733302063894303,-0.041513821861747055,0.05979928991916464,-0.003055597902412839,-0.07567260092021966
4.99,76.98407703823126,195.58132378194418,-6.998671460497807,2.3749971235109477,1.0,51.19952082017637,220.47767646803493,-8.003917316952188,1.4043790850668645,0.44629526305639994,-0.01585953373250402,0.05931559647741289,-2.4155036347715217,-0.2466938637158876,-0.2221676543639522,-0.035230744530881354,0.06400171844492036,0.00926585067670226,-0.07310243551634678
5.01,76.98407703823126,195.58132378194418,-6.998671460497807,2.3749971235109477,1.0,51.070269512422236,220.59234606944938,-8.00895635429153,1.3999085353041165,0.4444336043716074,-0.020589463179738334,0.058962466055700886,-2.417584614945434,-0.24792855039354458,-0.231460490622596,-0.14049044107646755,0.3545772946611993,0.28828166401830213,-0.16857721845027007
5.03,76.98407703823126,195.58132378194418,-6.998671460497807,2.3749971235109477,1.0,50.95047514681212,220.71543209099772,-8.013626699929352,1.395109860000089,0.4440285621504777,-0.022162934049458703,0.0640573007046454,-2.419748499404672,-0.2559444294220631,-0.2514728426723807,-0.058371496978386096,0.22427886804592623,0.06833174901739059,-0.16120806324093717
5.05,76.98407703823126,195.58132378194418,-6.998671460497807,2.3749971235109477,1.0,50.82089161856141,220.84694529733846,-8.018678689334838,1.3899826394799812,0.44402913597131294,-0.02265092141123127,0.06410143612778302,-2.419073288557881,-0.26324920131430796,-0.23409569076146233,-0.07943552292408422,0.09075570873308278,-0.015179026033968833,0.0025171521225160268
5.07,76.98407703823126,195.58132378194418,-6.998671460497807,2.3749971235109477,1.0,50.68481599193711,220.97109968780123,-8.023983781990756,1.3851423123664242,0.4428355805647038,-0.021595874664046652,0.06393983523837525,-2.4176556523888757,-0.2805072784231045,-0.24178546516493574,-0.06607137710266665,0.006940487005156378,0.08561369911466957,0.018602748414076317
5.09,76.98407703823126,195.58132378194418,-6.998671460497807,2.3749971235109477,1.0,50.54363755242308,221.10370479189064,-8.029487814720348,1.3799725227333084,0.4423323209265584,-0.021130857869803597,0.06166151517974345,-2.416765803364846,-0.27129440648419784,-0.24202519905130798,-0.072117127126921,0.005950714592906622,0.0360441151593267,0.031060955844976874
5.11,76.98407703823126,195.58132378194418,-6.998671460497807,2.3749971235109477,1.0,50.406349464668395,221.2343546406764,-8.034840176816047,1.374878961377139,0.44154232301676233,-0.021046327147768183,0.06073561231486996,-2.415737184656413,-0.26493018850159794,-0.2488339953589535,-0.058107010036276385,0.05348011765421698,0.06352760723971806,0.035748273372335444
5.13,76.98407703823126,195.58132378194418,-6.998671460497807,2.3749971235109477,1.0,50.2729275713032,221.36294126081006,-8.040041810085645,1.3698658377851822,0.4408329627226424,-0.02155081280305163,0.06017179642931866,-2.414810263460418,-0.2535753580259542,-0.2488091024903251,-0.0518103070051763,0.01010556294884242,0.02620751410592241,0.07802489759535203
5.15,76.98407703823126,195.58132378194418,-6.998671460497807,2.3749971235109477,1.0,50.14716345600801,221.4886743375072,-8.044944894502612,1.3649639634500104,0.44027529605249804,-0.022977634929687567,0.059809912048064705,-2.414053908337529,-0.24168037048909582,-0.2417776849625977,-0.04651378101964082,0.06081386590689062,0.038677114177161485,0.05580621015968502
5.17,76.98407703823126,195.58132378194418,-6.998671460497807,2.3749971235109477,1.0,50.02427793274009,221.60999682180162,-8.049735753109548,1.3602340420350238,0.43946574771828145,-0.02324346252510329,0.06080639988193201,-2.4128866994774327,-0.2309540910886515,-0.2260840839821406,-0.08298235740365827,0.1434676151385264,-0.18315075493752633,0.06364602365975565
5.2,76.98407703823126,195.58132378194418,-6.998671460497807,2.3749971235109477,1.0,49.90228662974128,221.7398936269891,-8.054491749327825,1.3551698391037392,0.4392248679091536,-0.023949137227422708,0.060327435691900445,-2.411046561206567,-0.24860670297071566,-0.24979600480798175,-0.05027190922295151,-0.013928137269983473,-0.04456879906981412,0.13516294272094173
5.22,76.98407703823126,195.58132378194418,-6.998671460497807,2.3749971235109477,1.0,49.77615409643001,221.86905783554016,-8.059409197020273,1.350134197444827,0.43882268083449255,-0.023148382723350767,0.05962364162158122,-2.4087772677842687,-0.2393564681070624,-0.24763629240741505,-0.039001329096625875,0.014722286720401231,-0.01428445528212233,0.09226277865619971
5.24,76.98407703823126,195.58132378194418,-6.998671460497807,2.3749971235109477,1.0,49.653221350593995,221.99320680043644,-8.064201896663002,1.3452940818543313,0.43834406647480206,-0.023027561155242317,0.059692830533834604,-2.40727487730236,-0.2380271437499259,-0.23575805606931668,-0.03602637561355156,0.022893509157071015,-0.012234652583562395,0.063519727936313
5.26,76.98407703823126,195.58132378194418,-6.998671460497807,2.3749971235109477,1.0,49.530355755747316,222.11197173751037,-8.068991978333438,1.3406638698826359,0.4378838225038131,-0.022975984952851775,0.05974826668480605,-2.4064027204697886,-0.2393818131122432,-0.22692999126813632,-0.035492008861436365,0.013333382634743398,-0.006082651159063627,0.034582811726702405
5.28,76.98407703823126,195.58132378194418,-6.998671460497807,2.3749971235109477,1.0,49.40681405981813,222.22745740167935,-8.07380841872054,1.3361615048078221,0.43752714632877754,-0.023440047929868733,0.059744826138887056,-2.406210127878146,-0.24194061337467468,-0.2235698890280861,-0.030411579633279413,0.02584644216556415,0.0280433049623591,0.007531029546619062
5.3,76.98407703823126,195.58132378194418,-6.998671460497807,2.3749971235109477,1.0,49.28325594057943,222.34196408241897,-8.078625499392615,1.3316973067283042,0.4372690782120184,-0.024003937350852458,0.059512107819962856,-2.406207046417502,-0.2413903704214381,-0.22123683362780067,-0.03012498861385315,0.010650246182141228,0.028020456762576702,0.008216789642630293
5.32,76.98407703823126,195.58132378194418,-6.998671460497807,2.3749971235109477,1.0,49.16009901825169,222.45520324852228,-8.083426938859583,1.327282524424083,0.43702807398330035,-0.02436441291067832,0.05905781980953382,-2.4061964181976236,-0.24033373042879771,-0.21846119917271634,-0.02947849383535652,-0.004003622359140003,0.028713025559349396,0.007533636936767711
5.34,76.98407703823126,195.58132378194418,-6.998671460497807,2.3749971235109477,1.0,49.03943069434347,222.5677198161599,-8.088131356945674,1.3228959136000042,0.43677403517221003,-0.025070323527823464,0.058993473948542124,-2.406200839724215,-0.2356985556587445,-0.21877636708358925,-0.030035683558581848,0.03146504985473416,0.02520727857164237,0.008066116875446502
5.36,76.98407703823126,195.58132378194418,-6.998671460497807,2.3749971235109477,1.0,48.91930049136837,222.679908566213,-8.092814795658153,1.3185220831885773,0.4356161978019561,-0.025410185411161825,0.06206231229125742,-2.4060275797890434,-0.24921608690715163,-0.23795065173172064,-0.046657438676965965,0.09328298651079742,-0.006064257309093893,0.00036651542374132196
5.38,76.98407703823126,195.58132378194418,-6.998671460497807,2.3749971235109477,1.0,48.791582918436944,222.80389421699593,-8.097794038267565,1.3136883346200419,0.4358236898433843,-0.026559519595263134,0.06016531520648432,-2.405662533693061,-0.24255631681069845,-0.23317229931422354,-0.043135060821937674,-0.05976624013037892,-0.005962365107991072,0.04477097623893199
5.41,76.98407703823126,195.58132378194418,-6.998671460497807,2.3749971235109477,1.0,48.667039154530734,222.91780430920636,-8.10264954563233,1.3092473953525776,0.4351471188591337,-0.025357126512479167,0.06075010760988437,-2.405055800941375,-0.23659171309302926,-0.20788032616453073,-0.08596285595464905,0.10795429961576485,-0.19922569032502566,0.021120986402882423
5.43,76.98407703823126,195.58132378194418,-6.998671460497807,2.3749971235109477,1.0,48.54304907564809,223.04028894131446,-8.107483466836332,1.3044721660306264,0.4347953658471694,-0.027523717520387847,0.06173191755224201,-2.4048928962483838,-0.24428506287864057,-0.23656195324110837,-0.05285689579792242,0.07677665856125696,-0.025996639032188396,0.021179959580392305
5.45,76.98407703823126,195.58132378194418,-6.998671460497807,2.3749971235109477,1.0,48.41586314603944,223.1601179072138,-8.112441982610548,1.2998004714536537,0.43420536853091507,-0.028390581412760383,0.06318181603022116,-2.4048791147321418,-0.24843813465469758,-0.2297166458376427,-0.05003369241767171,0.08467791405369329,-0.026663854082209695,0.001114890032483317
5.47,76.98407703823126,195.58132378194418,-6.998671460497807,2.3749971235109477,1.0,48.28887213160175,223.27850351791997,-8.117392899352758,1.2951850480343097,0.43358359245984823,-0.02913587166847436,0.06446731365193582,-2.40491711183749,-0.247190392441031,-0.22865504370111456,-0.04468237654708101,0.07185640088083792,-0.0009370803418148298,0.0013626176446404565
5.5,76.98407703823126,195.58132378194418,-6.998671460497807,2.3749971235109477,1.0,48.16451846821503,223.39507776255115,-8.122240995391227,1.2906402431753947,0.4327308840704194,-0.030914910784843864,0.06450765038286897,-2.4048831178355754,-0.23962171094031456,-0.22589553420078312,-0.10419795672013961,0.08131482289915072,0.18360257272567446,0.021033257905793606
5.52,76.98407703823126,195.58132378194418,-6.998671460497807,2.3749971235109477,1.0,48.04450885501184,223.51295888911858,-8.126919732748076,1.2860444877536619,0.43070115448480606,-0.03314032934017422,0.058946334658417116,-2.405346565277692,-0.21921356411931725,-0.21374461647616425,-0.027861454878904415,0.004928554777495833,0.1696344330163494,-0.03178501470296171
5.54,76.98407703823126,195.58132378194418,-6.998671460497807,2.3749971235109477,1.0,47.93441022928545,223.61430669291568,-8.131212076830977,1.2820933063190758,0.432110481811486,-0.029482890956411812,0.062378114988231294,-2.404611313231982,-0.24000644743092533,-0.1733273711956759,-0.03062730696869636,0.10674892671434794,0.0023345632652944275,0.07702154536658576
5.56,76.98407703823126,195.58132378194418,-6.998671460497807,2.3749971235109477,1.0,47.81372463571359,223.71864502747724,-8.1359171681983,1.2780255349911402,0.43149698535471515,-0.029442879925599325,0.06195953659341273,-2.4039859780809714,-0.2386312535455518,-0.21220678295299844,-0.04422181843017119,-0.10985374045348174,0.051702211516235747,0.0006597300653802003
5.58,76.98407703823126,195.58132378194418,-6.998671460497807,2.3749971235109477,1.0,47.69093802135893,223.82388968190477,-8.140704170707254,1.2739224295553706,0.43112318172236014,-0.02787623965681711,0.05865479998082709,-2.4038581647497215,-0.2380688463863151,-0.19647019188163678,-0.035159096315302535,-0.1959341402890465,0.06615709541299833,-0.004770982198981568
5.6,76.98407703823126,195.58132378194418,-6.998671460497807,2.3749971235109477,1.0,47.57711952805084,223.92646306213408,-8.145141538867414,1.2699234673631932,0.4307725004614593,-0.029004955603949133,0.058454964964872236,-2.4040570203064897,-0.21547517598019977,-0.20791292551197463,-0.027819196488809164,0.032707029032826455,0.031559185563340676,-0.00018067838828628516
5.62,76.98407703823126,195.58132378194418,-6.998671460497807,2.3749971235109477,1.0,47.46135119615209,224.03196849028294,-8.149654924126624,1.265810195310607,0.4305232418757692,-0.028895976495647187,0.05751178849142988,-2.4040214966585753,-0.23179678579657967,-0.20001017618667064,-0.026554434839249477,-0.09425926632703749,0.019471089399264,0.004316246682245939
5.64,76.98407703823126,195.58132378194418,-6.998671460497807,2.3749971235109477,1.0,47.34520193342385,224.1356392497966,-8.154183160490298,1.2617684503003261,0.4303182643751079,-0.028523236614570593,0.05635272184266729,-2.403993802215286,-0.2239195307523348,-0.2010596818015036,-0.023404451063799972,-0.032801658489042415,0.01854665850129176,0.003064901358505083
5.66,76.98407703823126,195.58132378194418,-6.998671460497807,2.3749971235109477,1.0,47.22994479213138,224.23897794415518,-8.158676616291174,1.257739651299992,0.430109848416814,-0.028236867679096462,0.05527139770671554,-2.403987233936224,-0.21875738567332417,-0.20333290840013063,-0.021933722201588207,0.022911026295150946,0.019957891850588598,0.0032592548610642044
5.68,76.98407703823126,195.58132378194418,-6.998671460497807,2.3749971235109477,1.0,47.11629575307212,224.34405337566318,-8.16310737804787,1.2536431432489983,0.4298769013532525,-0.02871290304995905,0.05486004874393894,-2.4038724900641513,-0.2265610682970357,-0.2021941643221446,-0.02688129428030151,-0.019579633077047635,0.019793431532243166,0.00821977187426598
5.7,76.98407703823126,195.58132378194418,-6.998671460497807,2.3749971235109477,1.0,46.99950921277676,224.44402328314717,-8.167660459540867,1.2497456809689202,0.4293055484546233,-0.02846467881637053,0.05547070041036717,-2.4038754767582886,-0.22040566054960242,-0.1873598778372684,-0.08338741191762375,0.1470628586698439,-0.1226900409713411,-0.01795957324796785
5.72,76.98407703823126,195.58132378194418,-6.998671460497807,2.3749971235109477,1.0,46.881163792400756,224.54843362798002,-8.17227431608574,1.245675102223002,0.42827762539187103,-0.028445103422004493,0.059020336589038686,-2.404275515764659,-0.2383745886092458,-0.21398012445762155,-0.009532447497275519,-0.005524862699514126,-0.03835757022179794,-0.019944901420659654
5.74,76.98407703823126,195.58132378194418,-6.998671460497807,2.3749971235109477,1.0,46.760232686895236,224.66265345155125,-8.176988979068412,1.2412220876588207,0.4288857551335621,-0.030337298653591426,0.05513637797629583,-2.4034145634444903,-0.21134161411233005,-0.21693333023931155,-0.02803088930434752,0.08420169933100051,-0.0015520111195848132,0.045529885941292654
5.76,76.98407703823126,195.58132378194418,-6.998671460497807,2.3749971235109477,1.0,46.64954740627641,224.7734826843308,-8.18130419468708,1.236901259870144,0.42824509004822503,-0.028542337723116585,0.05909002059915292,-2.40289821046859,-0.2218717942413671,-0.21564868201982693,-0.024360596440978117,0.015780771341831985,-0.32166759431586445,-0.011459955194883761
5.78,76.98407703823126,195.58132378194418,-6.998671460497807,2.3749971235109477,1.0,46.530517490514725,224.89017817823185,-8.185944737211901,1.2323517279441774,0.42810685341244215,-0.031001996626452717,0.057411642286668126,-2.4018262798729744,-0.21983628812714834,-0.22221485397495996,-0.010022505399782012,-0.0030036006826394688,-0.07863888836904019,-0.001701497508352105
5.8,76.98407703823126,195.58132378194418,-6.998671460497807,2.3749971235109477,1.0,46.413366881753575,224.99721617909304,-8.190512012407268,1.2281787064681073,0.42805892910478593,-0.029839448459205734,0.058674442098580484,-2.4020755007538437,-0.23025772743085415,-0.2039990318504601,-0.00959903433172854,-0.00685348132729032,-0.07156329287560911,-0.013078695167965265
5.82,76.98407703823126,195.58132378194418,-6.998671460497807,2.3749971235109477,1.0,46.295383237230546,225.09988566925372,-8.195111764630388,1.224175997300049,0.4279920388578331,-0.02871539325734968,0.05988814423151818,-2.4020858925446746,-0.23032186937670907,-0.20144546485346612,-0.013836046259030284,-0.02813387700720915,-0.06065537587847733,-0.007755512845383443
5.84,76.98407703823126,195.58132378194418,-6.998671460497807,2.3749971235109477,1.0,46.17641752669546,225.20268519653314,-8.199749804027467,1.2201682184587472,0.42656021636520114,-0.028283873180294024,0.05491266793069257,-2.4016504729588393,-0.2260097519256692,-0.19226060771568826,-0.12855108187911143,-0.3138489250771552,0.3216716403322234,0.035288329740310986
5.86,76.98407703823126,195.58132378194418,-6.998671460497807,2.3749971235109477,1.0,46.07552126591707,225.29785266428678,-8.203683381445728,1.2164579857977873,0.4263092218889749,-0.029746787168439103,0.05209243325715331,-2.402072711215107,-0.18827437531314076,-0.1868590676048279,-0.010682398459759363,-0.019243263980643775,0.05414589169831742,-0.03712403077565231
5.88,76.98407703823126,195.58132378194418,-6.998671460497807,2.3749971235109477,1.0,45.9652520043055,225.3788711290372,-8.207982377999786,1.213299371187632,0.427543568300774,-0.030357889258416978,0.05614493974283983,-2.399749822394957,-0.20921502577560275,-0.1771723565999404,-0.03133206942342126,-0.057938944233509856,-0.1595409870879714,-0.010605825725695928
5.9,76.98407703823126,195.58132378194418,-6.998671460497807,2.3749971235109477,1.0,45.84882613928145,225.46932130673812,-8.212521398078696,1.209773048470249,0.42657932318502384,-0.026704230316592883,0.05704542225726079,-2.3998856521792,-0.23844965216468814,-0.18625224300775683,-0.10530721813081655,-0.19578447638169444,0.05235883227979416,-0.010179366067548087
5.92,76.98407703823126,195.58132378194418,-6.998671460497807,2.3749971235109477,1.0,45.72364046240857,225.55942438776253,-8.217401931290114,1.206260257787036,0.42677626983270556,-0.026170203608590403,0.05841324903690645,-2.3982149441634455,-0.22778988188546143,-0.18840654329648301,-0.022314228144774722,-0.0543446360258342,-0.029517785087389586,0.05413244931240648
5.94,76.98407703823126,195.58132378194418,-6.998671460497807,2.3749971235109477,1.0,45.612956991385154,225.66175787955706,-8.221717076359253,1.2022706479704854,0.42601294916116056,-0.027794885238560413,0.057657177695578876,-2.396624130444814,-0.20736514144866075,-0.1993329969638604,-0.08541943880393013,0.16220644801120346,0.17223860074693967,0.10485113612582024
5.96,76.98407703823126,195.58132378194418,-6.998671460497807,2.3749971235109477,1.0,45.507841286732564,225.7710769807123,-8.22581515451335,1.1980086947090725,0.4248235800491317,-0.031860749204879406,0.05635610405119781,-2.395252686511459,-0.2102801065439255,-0.2222001477967764,-0.02973723774075933,0.020151447188508982,0.09432672164698161,-0.0008189323320725818
5.98,76.98407703823126,195.58132378194418,-6.998671460497807,2.3749971235109477,1.0,45.39642836368531,225.8816259539015,-8.230158738257883,1.193698793220215,0.4256775733289426,-0.02729352940423826,0.055565190629919006,-2.3956122491768888,-0.2244657300422772,-0.2042616084312791,-0.02955427500090361,0.02053343535235904,-0.1179627918388074,-0.08107979791707355
6.0,76.98407703823126,195.58132378194418,-6.998671460497807,2.3749971235109477,1.0,45.27905495313102,225.98544891040484,-8.234734699683,1.1896511146041004,0.42529302242520084,-0.025555838603339064,0.05793005785826371,-2.3965800421621575,-0.22520971179147617,-0.21050345282924285,-0.021156281413309073,0.008112218612041488,-0.014597957771665835,0.005047058350089237
6.02,76.98407703823126,195.58132378194418,-6.998671460497807,2.3749971235109477,1.0,45.16279822831463,226.09345203370918,-8.239267125601769,1.185440466522058,0.42462175779475786,-0.025600278194524168,0.05687643875814339,-2.396419435872449,-0.22882565304865546,-0.2083693729500132,-0.07915738771160163,-0.14644833740712226,0.15710779248007248,0.008007603612549754
6.04,76.98407703823126,195.58132378194418,-6.998671460497807,2.3749971235109477,1.0,45.046840243219805,226.19401556655083,-8.243787904747766,1.1815198609531836,0.4242526770758543,-0.026658789401071054,0.055942815444682076,-2.3951091464316545,-0.21327503493935163,-0.20662019054331232,-0.05990222893267803,-0.06640332325115833,-0.022895421347926666,-0.002251847279096539
6.06,76.98407703823126,195.58132378194418,-6.998671460497807,2.3749971235109477,1.0,44.9286649198899,226.29203333256592,-8.248395129828854,1.1776985055529852,0.4239926145887511,-0.026369744700474564,0.0565748447931312,-2.393946799804904,-0.22098130666590268,-0.2004415143503485,-0.04398885594804686,-0.033349162962841905,0.011388775674033362,0.0042196169964891644
6.08,76.98407703823126,195.58132378194418,-6.998671460497807,2.3749971235109477,1.0,44.81104961956185,226.3913871749386,-8.252980521654509,1.1738250614059025,0.4235689338803316,-0.025429757540591374,0.057591530419769124,-2.3934345072611607,-0.22607115036016645,-0.20361383323645155,-0.03514341026606259,-0.02849186411352287,0.028089281729709176,0.024229904017898284
6.1,76.98407703823126,195.58132378194418,-6.998671460497807,2.3749971235109477,1.0,44.69629671154465,226.49532164385212,-8.257454319238025,1.1697730353274018,0.4226962219469842,-0.026829444458867237,0.05378911736895217,-2.392506982402372,-0.21241436360858107,-0.2026075125378673,-0.027523050929511083,-0.030891097045848352,0.18843999577054843,0.06049124988213158
6.12,76.98407703823126,195.58132378194418,-6.998671460497807,2.3749971235109477,1.0,44.579591863076836,226.5929916958669,-8.26200421586445,1.1659652360285806,0.42265319382114547,-0.028733875923725956,0.052196468788272554,-2.3900490552761906,-0.2224344279982832,-0.19561116743763296,-0.04376028505508762,-0.08149820312356718,0.05382358208527945,0.021237408751558634
6.15,76.98407703823126,195.58132378194418,-6.998671460497807,2.3749971235109477,1.0,44.462650414345426,226.68945414848358,-8.266563336672693,1.1622045166283193,0.42250087114178625,-0.02712935110170443,0.052919296127235047,-2.3894141508200013,-0.2311554864962378,-0.19046831027746394,-0.042607047868729625,-0.10215856691318426,-0.14012691055767254,-0.03590140143561091
6.17,76.98407703823126,195.58132378194418,-6.998671460497807,2.3749971235109477,1.0,44.34369149194819,226.78558411356136,-8.271201111425022,1.1584567597052104,0.42203293977634504,-0.027197420410082093,0.05320401253896236,-2.3892088441228325,-0.22842311715603686,-0.19077835771042745,-0.07688465890665992,0.036012087438531404,0.21375978759750502,0.03912532272524483
6.19,76.98407703823126,195.58132378194418,-6.998671460497807,2.3749971235109477,1.0,44.22997492837524,226.88339840229463,-8.275634505716365,1.1546433371425089,0.4217443368581134,-0.02762001332090106,0.05243434348992364,-2.388438511043439,-0.22132399917669415,-0.19754701288838375,-0.0378935388006989,-0.07425192528198493,0.05357129747786392,0.024124677378221847
6.21,76.98407703823126,195.58132378194418,-6.998671460497807,2.3749971235109477,1.0,44.11668001025486,226.9810881873113,-8.280051461588505,1.150834768525876,0.421682975902291,-0.027226856940411152,0.05169955718339161,-2.387443149549683,-0.22379514469652106,-0.1967184136092443,-0.03992610158973038,-0.02746028289693442,0.014381887274447603,0.01762989740423198
6.23,76.98407703823126,195.58132378194418,-6.998671460497807,2.3749971235109477,1.0,44.00296751666704,227.08355335696032,-8.284484697205963,1.1468400250697728,0.42143747224488376,-0.02758162620380963,0.05120982527076785,-2.3868209432033813,-0.2236053994683387,-0.20660848665834466,-0.020755421724098572,-0.03831983198065927,0.04977910721090612,0.01506208048120376
6.25,76.98407703823126,195.58132378194418,-6.998671460497807,2.3749971235109477,1.0,43.88796212778721,227.18802289304375,-8.288968338097964,1.1427671386727578,0.4212159562907899,-0.02695219574143256,0.05116130528431499,-2.3866502029657433,-0.23106965717930794,-0.20281506778934275,-0.024245999926456582,-0.019876083626513753,-0.11020633111351431,-0.012985230380632855
6.27,76.98407703823126,195.58132378194418,-6.998671460497807,2.3749971235109477,1.0,43.76373515057674,227.29016234985446,-8.29381149510422,1.1387850935729262,0.4207997665287445,-0.022959522103448787,0.05478228042569867,-2.387165509625424,-0.2525793591962064,-0.19808043680621978,-0.032684495875731336,-0.011699614990792834,-0.38875645974619644,-0.057743773135311795
6.29,76.98407703823126,195.58132378194418,-6.998671460497807,2.3749971235109477,1.0,43.63131909366091,227.40121384113039,-8.298973914477157,1.1344556007356574,0.42046696141743933,-0.02634591042058886,0.04925208955522314,-2.386304544400652,-0.23757354595791005,-0.2152898932132743,-0.04003498099620033,-0.03535948343101357,0.12169376277615401,0.05850560250543829
6.31,76.98407703823126,195.58132378194418,-6.998671460497807,2.3749971235109477,1.0,43.50919066586932,227.50789265263552,-8.303735256691255,1.1302965827432538,0.42034937955923896,-0.025544779594546447,0.04964535813950325,-2.385729583429873,-0.24249220874698935,-0.20643415374220248,-0.027860338515671112,-0.02390410619043042,-0.1497252603104855,-0.008016082662134234
6.33,76.98407703823126,195.58132378194418,-6.998671460497807,2.3749971235109477,1.0,43.38315960365816,227.616945002566,-8.308648748395393,1.1260450291397262,0.42010052048570223,-0.024065821107695506,0.050664381407356886,-2.385568619129613,-0.24137566935549776,-0.216920824089843,-0.02509270909798661,-0.02304054836286059,-0.04734059683908346,0.01026353025870383
6.35,76.98407703823126,195.58132378194418,-6.998671460497807,2.3749971235109477,1.0,43.260019115008895,227.72764136898448,-8.313449547173143,1.121729381326141,0.4198789275597771,-0.022850309559342474,0.051417688261886516,-2.385586238732268,-0.2403971723487943,-0.21475887155692747,-0.023457310179903372,-0.024252778018494646,-0.040052538506080454,0.004020050296236784
6.37,76.98407703823126,195.58132378194418,-6.998671460497807,2.3749971235109477,1.0,43.138386254764725,227.83686854429604,-8.31819156901502,1.117471011918283,0.4197620790876162,-0.021683006043117823,0.05241132218855734,-2.3856132475340397,-0.23435610135348228,-0.21453426844021675,-0.010370918467509142,-0.009300266470014664,-0.03899116859443127,-0.0013359965750554626
6.39,76.98407703823126,195.58132378194418,-6.998671460497807,2.3749971235109477,1.0,43.02059918672504,227.94578425455265,-8.32278365743762,1.1132247853975574,0.41972816627639054,-0.02115956904563464,0.0529968390739551,-2.3856316333561556,-0.2271677907107508,-0.21254529500486122,-0.01067413950168023,-0.008988903815692678,-0.009332111274141738,-0.001857346142830332
6.41,76.98407703823126,195.58132378194418,-6.998671460497807,2.3749971235109477,1.0,42.90507301631658,228.0531062656102,-8.327287601703057,1.109040691399212,0.4197080509113976,-0.0207644078063939,0.05343873027785147,-2.385642089047406,-0.22516039556450812,-0.21002270080748203,-0.010551277933237645,-0.009538981385445167,-0.008636194605425349,-0.0010055791727809796
6.43,76.98407703823126,195.58132378194418,-6.998671460497807,2.3749971235109477,1.0,42.79126196102481,228.16026081842588,-8.331724679882074,1.1048631259872959,0.4197036250354512,-0.020687359898360447,0.05352467663132296,-2.3856429895275832,-0.22063602552714373,-0.20956530148657132,-0.009683984721209455,-0.010705782306664434,0.021338123905832583,-3.7962891672093367e-05
6.45,76.98407703823126,195.58132378194418,-6.998671460497807,2.3749971235109477,1.0,42.6780306724215,228.26710882354462,-8.336139155071287,1.1006975117526467,0.41910365241721803,-0.020058188128140492,0.05192041901877349,-2.385576953634699,-0.2198748198881815,-0.20801722811697235,-0.08983933211490772,-0.21739814195031695,0.04676105398234493,0.011887619662050238
6.47,76.98407703823126,195.58132378194418,-6.998671460497807,2.3749971235109477,1.0,42.56238787019478,228.375653912875,-8.340647646386168,1.0964657343908384,0.41862192946921345,-0.020308971450987853,0.0498319633529833,-2.385257479283254,-0.22339924111737805,-0.21291004367000815,-0.024149624404394745,-0.03881849204316502,0.05662793116646845,0.004229850408161729
6.49,76.98407703823126,195.58132378194418,-6.998671460497807,2.3749971235109477,1.0,42.45226127075528,228.48239343218884,-8.344941081062172,1.0923043496222675,0.4192921890054874,-0.01993861355751279,0.05291322012427668,-2.385778755414255,-0.2247551643150959,-0.21216161918255566,-0.019741838884437937,-0.04064222372719227,0.02187273081115916,-0.009706453635320151
6.51,76.98407703823126,195.58132378194418,-6.998671460497807,2.3749971235109477,1.0,42.33817749860405,228.5889313565464,-8.349388791477425,1.0881508243061826,0.419072520778176,-0.019597870003310137,0.05250471071184911,-2.385804450448766,-0.22266914694262674,-0.20636469866976137,-0.021809779872702276,-0.040374845267292535,0.026626100302519717,0.001986034869282649
6.53,76.98407703823126,195.58132378194418,-6.998671460497807,2.3749971235109477,1.0,42.22634083902337,228.6954275158415,-8.353748895164781,1.0839989272576416,0.4176651357603349,-0.021024334594059974,0.055163919123771665,-2.3864009669344366,-0.21548014034019428,-0.22236844556995702,-0.09678499297732665,0.11245532769686417,-0.15705258851648138,-0.031447952609631076
6.55,76.98407703823126,195.58132378194418,-6.998671460497807,2.3749971235109477,1.0,42.10288626210762,228.8118470644377,-8.358561939099118,1.079460153433227,0.4168160392914522,-0.02328680179954354,0.04954619779637781,-2.3860315976028788,-0.21805486230681834,-0.22008593467895105,-0.057799366406943095,-0.04925081902558662,0.1786063381040302,0.013696379664461883
6.57,76.98407703823126,195.58132378194418,-6.998671460497807,2.3749971235109477,1.0,41.98698026032357,228.91837345504675,-8.363080691605319,1.0753070777759552,0.4179316984115634,-0.020988537780620955,0.04951423990476703,-2.3861901032620874,-0.2278294890256121,-0.20092965284702222,-0.04377320132754605,-0.02240667106897129,-0.06914542070517028,-0.007852538642816485
6.59,76.98407703823126,195.58132378194418,-6.998671460497807,2.3749971235109477,1.0,41.86380472386325,229.02039043487736,-8.367882856769464,1.071329807607122,0.4173779177326288,-0.018993090430233284,0.05156361113728836,-2.3863128343089164,-0.24717703080702114,-0.20395749935958096,-0.027986413763328572,-0.021084584492493966,0.0729628023401474,-0.008857215116437393
6.61,76.98407703823126,195.58132378194418,-6.998671460497807,2.3749971235109477,1.0,41.748851069137054,229.1301450734235,-8.372364480735397,1.067050874330467,0.4169864838041565,-0.019697509044429583,0.0508042884336084,-2.386435039424597,-0.21834006283326896,-0.21229503842198694,-0.02417380950217049,0.007354761423541839,0.05431775189512086,0.004033840437734658
6.63,76.98407703823126,195.58132378194418,-6.998671460497807,2.3749971235109477,1.0,41.63721517657173,229.23804084149268,-8.376716757248666,1.0628444116377127,0.4166793880620847,-0.02030819521196909,0.05042993513256333,-2.386414401234607,-0.21764739631754526,-0.2106055215079311,-0.025422683637977173,-0.0007201318449067459,0.05670371390168808,0.0035438610786620375
6.65,76.98407703823126,195.58132378194418,-6.998671460497807,2.3749971235109477,1.0,41.52517032640495,229.34577594983517,-8.381084977528072,1.0586442124820596,0.41622256739827956,-0.02065755479313371,0.04912636679711502,-2.386409250502262,-0.22353714795926066,-0.20966439231080175,-0.057992837568336175,-0.15597824659989665,0.1640265103838532,0.002056534269051439
6.67,76.98407703823126,195.58132378194418,-6.998671460497807,2.3749971235109477,1.0,41.419558017409734,229.45334081850618,-8.385202416475254,1.054450650350637,0.41618288559450156,-0.02221335454593684,0.04796123221773653,-2.386404483941967,-0.2073543609953441,-0.20867471054188813,-0.025280490173190596,-0.025736156169239948,0.06536613175203666,-0.01192560410866352
6.69,76.98407703823126,195.58132378194418,-6.998671460497807,2.3749971235109477,1.0,41.308147200313364,229.55550632820422,-8.389545918116438,1.0504675895436946,0.416046725131183,-0.021430231086237636,0.04794874085800952,-2.3864893917985115,-0.22570039004829032,-0.19473780728824672,-0.02457785538941765,-0.04510737103983037,-0.07920739241318317,-0.0055335491157313225
6.71,76.98407703823126,195.58132378194418,-6.998671460497807,2.3749971235109477,1.0,41.187500731135856,229.6558990551984,-8.394249484166243,1.046553643072187,0.4158736340907154,-0.019254914341917617,0.04903170220420484,-2.3864746693437464,-0.2382401960437639,-0.20320509856757452,-0.019131743885524924,-0.051194792310407716,-0.004903805365123852,-0.013694096069260236
6.73,76.98407703823126,195.58132378194418,-6.998671460497807,2.3749971235109477,1.0,41.07039604791607,229.76351485327868,-8.398814968892161,1.0423580953887452,0.4151052214841385,-0.01954670356817708,0.04609901763004856,-2.386204716044908,-0.2086837160356723,-0.21394395859889254,-0.031280136289058375,-0.022671445372725328,0.10016673060884808,0.0013296178488112292
6.75,76.98407703823126,195.58132378194418,-6.998671460497807,2.3749971235109477,1.0,40.960977699354615,229.86782411286617,-8.403080791448163,1.0382914575880633,0.41526590598488333,-0.01949461414315012,0.04660812777112626,-2.386225548956237,-0.2235740302864534,-0.19662693233034653,-0.029899188032618984,-0.0592614572234124,-0.03610052975926982,-0.006317203970646588
6.77,76.98407703823126,195.58132378194418,-6.998671460497807,2.3749971235109477,1.0,40.84188732222539,229.96729740805026,-8.40772369114131,1.034413356411295,0.4144608337559033,-0.019537391518963984,0.04758750398766411,-2.3866142215121733,-0.2473742270987743,-0.1956136126300821,-0.08364523918402539,0.1879907197144689,0.24467800331606515,-0.04754321756248604
6.79,76.98407703823126,195.58132378194418,-6.998671460497807,2.3749971235109477,1.0,40.71995739398581,230.07313711183932,-8.41247729458145,1.030287052170007,0.41464790422708214,-0.019029247424089204,0.04568562106499476,-2.387167770083818,-0.22683442931566045,-0.20027373108901061,-0.019044544297667974,-0.0010672874354499678,-0.026898619373603265,-0.020489777431584172
6.81,76.98407703823126,195.58132378194418,-6.998671460497807,2.3749971235109477,1.0,40.602777126184385,230.17712015431735,-8.417045726074683,1.0262331323852876,0.41442638365933676,-0.018266771355380972,0.046219396150051203,-2.3873140291487918,-0.22681720558844984,-0.21119148808799593,-0.01896142973035194,-0.014796857115499929,0.048304723870209655,-0.01759997519844046
6.83,76.98407703823126,195.58132378194418,-6.998671460497807,2.3749971235109477,1.0,40.49114157931434,230.28522814564178,-8.421397989110552,1.0220183958814126,0.41419051472405455,-0.018870505469476745,0.04574150201915958,-2.3873644952124526,-0.21648764783046603,-0.20881835384133215,-0.023115373752739945,-0.00788169660365871,0.057794178810922345,0.004052988139912546
6.85,76.98407703823126,195.58132378194418,-6.998671460497807,2.3749971235109477,1.0,40.377867320686555,230.39249480989992,-8.425814139544384,1.0178364596530247,0.413009024695829,-0.020765886157801804,0.04291781555803376,-2.3876449117448106,-0.22445067337012076,-0.20839019515560617,-0.11918541042976075,0.15065569713038857,0.3395819870229755,-0.0473118369056784
6.87,76.98407703823126,195.58132378194418,-6.998671460497807,2.3749971235109477,1.0,40.27070589547732,230.49694785644581,-8.429991972885874,1.01376421612297,0.41350523643551884,-0.021011130194190774,0.043809302723715735,-2.387784890727563,-0.21926816852722145,-0.1965663880786717,-0.03447644378696753,-0.012952861732810881,-0.017315998954239194,-0.00931675925640019
6.89,76.98407703823126,195.58132378194418,-6.998671460497807,2.3749971235109477,1.0,40.15684682600654,230.60073938908508,-8.434430922962708,1.00971776260877,0.41323700584211354,-0.02063617775505235,0.04366253094234929,-2.387833357171174,-0.2192323908582464,-0.2078424409716272,-0.019834611036815674,-0.04489189904659406,0.048544547985966476,-0.0003027165138479403
6.91,76.98407703823126,195.58132378194418,-6.998671460497807,2.3749971235109477,1.0,40.045533887180746,230.70555707412626,-8.43877060868691,1.0056313031529724,0.4130308002029044,-0.020661548111970365,0.042843379025219064,-2.3878293827467387,-0.21676607235290837,-0.20356558717182305,-0.020314845936469306,-0.04481526270022998,0.05084441762491994,0.0023029888653834764
6.93,76.98407703823126,195.58132378194418,-6.998671460497807,2.3749971235109477,1.0,39.93513970612447,230.80924129037652,-8.443074475394758,1.0015890335135853,0.41282806480831935,-0.020666019490711843,0.04205058225642069,-2.38781343515635,-0.21548836583719744,-0.2023671419920373,-0.020271101355522684,-0.04458547228839488,0.05159237564593751,0.002256661320425403
6.95,76.98407703823126,195.58132378194418,-6.998671460497807,2.3749971235109477,1.0,39.82533600109528,230.91251903143214,-8.447355321594726,0.9975626108603455,0.4126388409460038,-0.02069109657607634,0.04131297813124444,-2.387803686332435,-0.21116713606524987,-0.2023960795382694,-0.012872071787896388,-0.012471299720392334,0.038992812025928254,-0.0018995300609589484
6.97,76.98407703823126,195.58132378194418,-6.998671460497807,2.3749971235109477,1.0,39.71672553792709,231.0152518591826,-8.451589647644168,0.9935574323905422,0.41260711895293023,-0.020734218314385395,0.04118468053668599,-2.3878344747345848,-0.21238209701465197,-0.19999359144034284,-0.01384120288110805,-0.009902489423687091,0.012527961337475798,0.0045131806988480795
6.99,76.98407703823126,195.58132378194418,-6.998671460497807,2.3749971235109477,1.0,39.60761396880775,231.1177771500987,-8.455843509988002,0.9895603450253914,0.41260674456864743,-0.0207167084923815,0.04120932158027581,-2.387835875067737,-0.21392900938089515,-0.20044124879203634,-0.01228346527849533,-0.011679302048131161,0.02522467978945606,0.00568795302739632
7.01,76.98407703823126,195.58132378194418,-6.998671460497807,2.3749971235109477,1.0,39.4985284332828,231.2203899453544,-8.460096357376889,0.9855598461850135,0.41260793574477894,-0.020730298057169718,0.04119032461543422,-2.3878364569911352,-0.21230918569100565,-0.20004776838760355,-0.01350489445972239,-0.010597463563033507,0.011647114671282047,0.0045196791552304105
7.03,76.98407703823126,195.58132378194418,-6.998671460497807,2.3749971235109477,1.0,39.38941100461378,231.32167553984544,-8.464350448163206,0.9816110900645041,0.4125995877602682,-0.020391380841353175,0.04165104186742164,-2.3878483350899797,-0.21454392653981635,-0.19264574268729612,-0.015573427910570873,0.002097172178511573,-0.07427760841356763,0.0023651755049812926
7.05,76.98407703823126,195.58132378194418,-6.998671460497807,2.3749971235109477,1.0,39.277356533970845,231.42414138082506,-8.468719043509909,0.9776163204356706,0.41132277985525156,-0.017105479300937552,0.0409988415729406,-2.3879124078401244,-0.22548277472708203,-0.19970158577248812,-0.0658173637933656,-0.13105319519662503,0.1254301518214639,0.030235732721994313
7.07,76.98407703823126,195.58132378194418,-6.998671460497807,2.3749971235109477,1.0,39.172662526450594,231.5340086727051,-8.472800681229996,0.9733329952161752,0.41132094579644,-0.019448225836464373,0.037895412989897695,-2.387467097174606,-0.20501300615078383,-0.2031194810495676,-0.02546024128318935,-0.03823455849657591,0.007317076888025704,0.03928803849347303
7.09,76.98407703823126,195.58132378194418,-6.998671460497807,2.3749971235109477,1.0,39.06394198551579,231.63761848740148,-8.4770392988103,0.9692936262221651,0.4110590701754293,-0.018669693292960875,0.037866801936962624,-2.3871409975064712,-0.21660053345167998,-0.19900212782646415,-0.025452237973470244,-0.05144205125967019,0.010310427755834232,-0.0008012977833480521
7.11,76.98407703823126,195.58132378194418,-6.998671460497807,2.3749971235109477,1.0,38.95450008278803,231.7398002500689,-8.481306039657387,0.9653099317711934,0.4118348668806105,-0.018791107763308983,0.0408692508245841,-2.3871475755894753,-0.21655030296600616,-0.19522752796067538,-0.031121039911876463,-0.0318423513335265,-0.12275983505297001,0.027060310206110466
7.13,76.98407703823126,195.58132378194418,-6.998671460497807,2.3749971235109477,1.0,38.83900800535161,231.8425469176397,-8.48580865476212,0.9613042137372428,0.41155545467481536,-0.017205978423406303,0.04166597969037592,-2.386861223436558,-0.22465883310310053,-0.20954891320871458,-0.024171354428064465,-0.05733576037508535,0.03538797139187319,-0.0023107694767238074
7.15,76.98407703823126,195.58132378194418,-6.998671460497807,2.3749971235109477,1.0,38.727525715127264,231.94802003766307,-8.490154942880029,0.9571922012607005,0.4112229010403051,-0.017248114125921792,0.040364105314746164,-2.3868603626431435,-0.2138541819906936,-0.20156418771577073,-0.02573961153572699,-0.05930571963102249,0.05975421797655532,0.0030335757014544706
7.17,76.98407703823126,195.58132378194418,-6.998671460497807,2.3749971235109477,1.0,38.61898009133528,232.05032822229654,-8.494386741078547,0.9532035780781077,0.41095270124692385,-0.017249726902116104,0.039338859788376174,-2.386828951474201,-0.20918556166437394,-0.19771184211892578,-0.015404302403526585,-0.02767816889918527,0.037796939653333805,0.006993453123839613
7.19,76.98407703823126,195.58132378194418,-6.998671460497807,2.3749971235109477,1.0,38.51184199425381,232.15141367570484,-8.498563664941372,0.9492626247288569,0.41083744849436876,-0.017259849229466037,0.038901338970050235,-2.3868063967963136,-0.20837576954112308,-0.19679530792615613,-0.01632315984113407,-0.0280425725178493,0.024647486996333866,0.006764737551564957
7.21,76.98407703823126,195.58132378194418,-6.998671460497807,2.3749971235109477,1.0,38.40479851764231,232.25237677586034,-8.502736899896986,0.9453264414869266,0.4107322724969601,-0.017262226362751806,0.03848883051359985,-2.3867810425455143,-0.20687858166518533,-0.19671427287198534,-0.01667651091212488,-0.029647264657075026,0.007956278922586374,0.006928533350077313
7.23,76.98407703823126,195.58132378194418,-6.998671460497807,2.3749971235109477,1.0,38.29790258971441,232.3533993052045,-8.506904382467274,0.9413879413175626,0.4106531153326437,-0.017248203837598564,0.03816921787094149,-2.38673332715905,-0.2092918056607092,-0.19816442122943703,-0.011717513254924131,-0.022136064508165243,0.026771001767338612,0.007443863776287193
7.25,76.98407703823126,195.58132378194418,-6.998671460497807,2.3749971235109477,1.0,38.19103197707404,232.45801869918674,-8.511070878086782,0.9373092125073401,0.409621795581189,-0.015228751983518418,0.03669458167365347,-2.3866681336565487,-0.20551588913641639,-0.2119370885744884,-0.1191714626676111,-0.2742128852387259,-0.0718824110307079,-0.0011216401619341726
7.27,76.98407703823126,195.58132378194418,-6.998671460497807,2.3749971235109477,1.0,38.086689244676805,232.55610484088083,-8.5151388208703,0.9334851913886612,0.41013572572412527,-0.014853423382986978,0.04011755181439851,-2.386474247296847,-0.203611692142474,-0.20938455760049984,-0.020395886012745695,-0.044847925242599784,-0.03224155429342143,-0.015123244969500002
7.29,76.98407703823126,195.58132378194418,-6.998671460497807,2.3749971235109477,1.0,37.982220941981566,232.6685070862909,-8.519211659182005,0.9291030375715044,0.40947794606098525,-0.01831788672308154,0.03815043732515595,-2.386188979527935,-0.19911815385466253,-0.21567255792728032,-0.11375139170111712,0.19840854325238028,0.18262911152239686,0.02691765014423906
7.31,76.98407703823126,195.58132378194418,-6.998671460497807,2.3749971235109477,1.0,37.882182119360365,232.78039473452097,-8.523111808212072,0.9247409460225731,0.4087821930239568,-0.020815546782967598,0.0356819853286196,-2.3852642170526406,-0.19107647047896584,-0.21180304841880698,-0.025806166151079515,-0.03865772783925028,0.16295160313945078,0.04997599469314939
7.33,76.98407703823126,195.58132378194418,-6.998671460497807,2.3749971235109477,1.0,37.790458888068535,232.8959726157513,-8.5266877626484,0.9202349857406898,0.4089065784758557,-0.019902960635881057,0.034811728753471785,-2.383824265688434,-0.17951710879235297,-0.20799641919538053,-0.07752002784829952,0.1496680345257108,-0.003804478069741768,0.022222791032894908
7.35,76.98407703823126,195.58132378194418,-6.998671460497807,2.3749971235109477,1.0,37.703643488287334,233.01220979435394,-8.530072378624276,0.9157033218575453,0.4087690128049202,-0.016758248737742266,0.03828757218593479,-2.381089375517389,-0.18082666503233688,-0.20837154131233668,-0.0294274195043603,0.056875833257205924,0.04944521902222924,0.12659126834318074
7.37,76.98407703823126,195.58132378194418,-6.998671460497807,2.3749971235109477,1.0,37.61479534450501,233.1247814765622,-8.533536243878947,0.9113145623172634,0.40872143806942873,-0.017148107852689644,0.03814587166712714,-2.3789050495231523,-0.1674088053833056,-0.20862632059889646,-0.022675136474927932,0.013380316258963186,0.06251452197400857,0.11941827861571869
7.39,76.98407703823126,195.58132378194418,-6.998671460497807,2.3749971235109477,1.0,37.52913395057762,233.23059980598126,-8.536875869373192,0.9071890913847453,0.408645237816382,-0.017431969012043712,0.0381139598452059,-2.3763863529854294,-0.16321345899241788,-0.20338977373678707,-0.016423973803762044,-0.04040533656037847,0.025696003285830122,0.1363884857370573
7.41,76.98407703823126,195.58132378194418,-6.998671460497807,2.3749971235109477,1.0,37.43814944392085,233.33500756376304,-8.540423023628817,0.9031186134985165,0.4077695863794924,-0.018436916722737142,0.033869405165841464,-2.374976900226058,-0.1781919139581667,-0.1998977730931423,-0.03227332581176793,-0.053265155531537385,0.24423128204843628,0.00833310310015651
7.43,76.98407703823126,195.58132378194418,-6.998671460497807,2.3749971235109477,1.0,37.345950399773564,233.43747180789063,-8.544017528273935,0.8991239061251217,0.40745820503680263,-0.021231367641466787,0.03009227351682595,-2.374930616647444,-0.1811389743255746,-0.19952492826103027,-0.02806450258846649,-0.043632367417049484,0.22350521664289175,0.011233120185681187
7.45,76.98407703823126,195.58132378194418,-6.998671460497807,2.3749971235109477,1.0,37.25671962297248,233.54176461223088,-8.547496310995225,0.8950579098545469,0.40817200875375786,-0.02309835579235781,0.031263176688731104,-2.375074846564381,-0.1770974866766477,-0.2085605106385018,-0.04125361604205428,-0.10821803468231411,0.014647357233302521,0.014711660042742363
7.47,76.98407703823126,195.58132378194418,-6.998671460497807,2.3749971235109477,1.0,37.16345038483183,233.64670313958376,-8.551132538603047,0.8909667391975148,0.407173336916823,-0.02121904880856878,0.02898436210162029,-2.3747485108356954,-0.19482818875697516,-0.1879345603456536,-0.01646782014990376,-0.036866052563953214,0.0720813174848843,0.008508709113029332
7.49,76.98407703823126,195.58132378194418,-6.998671460497807,2.3749971235109477,1.0,37.06283794184617,233.74577572298267,-8.55505505100015,0.8871042603125667,0.4077248005067196,-0.021000164085105796,0.03117541240123547,-2.374638243273815,-0.2042445095534043,-0.19187331702088153,-0.024596966903607857,-0.07458889009448431,-0.10063418512634291,0.03174350500862496
7.51,76.98407703823126,195.58132378194418,-6.998671460497807,2.3749971235109477,1.0,36.95470725151294,233.84295584923103,-8.559270672455636,0.8833155614334873,0.40744168831187666,-0.01719129819165808,0.033275834096110804,-2.373544004498027,-0.2158987910381138,-0.18822265065421995,-0.024775219296713887,-0.09204479972933699,-0.2838354347058083,0.059632803368608794
7.53,76.98407703823126,195.58132378194418,-6.998671460497807,2.3749971235109477,1.0,36.841928907651514,233.9468530151483,-8.563667488980448,0.8792649896628352,0.4071284150376998,-0.01725073802527041,0.03205804798953916,-2.3730265538185256,-0.210615088702051,-0.2097737146705793,-0.02392727688697528,-0.049729345494410965,0.06720488209720243,0.0002548456375420969
7.55,76.98407703823126,195.58132378194418,-6.998671460497807,2.3749971235109477,1.0,36.73287728865397,234.0525298752763,-8.567919014087565,0.8751450341022882,0.40697493959988523,-0.01724121850529299,0.03145455818883451,-2.373027232728094,-0.2134009360773111,-0.20704743668869824,-0.011568305844927533,-0.02213367628592642,0.030452515852227725,-0.002251987986167608
7.57,76.98407703823126,195.58132378194418,-6.998671460497807,2.3749971235109477,1.0,36.62408590791123,234.1578891399932,-8.572160393453753,0.8710374604291162,0.40686034420402584,-0.01726031939729885,0.031018366733890988,-2.3730221409134833,-0.21194659664264642,-0.20510213002871233,-0.012909563587918171,-0.024673970419520644,0.028119283675447228,-0.000975561118562021
7.59,76.98407703823126,195.58132378194418,-6.998671460497807,2.3749971235109477,1.0,36.51575686072994,234.26268993478917,-8.57638374811969,0.8669516594624109,0.4067580059001375,-0.01725975990250448,0.030618708379092207,-2.373013108153422,-0.21134381007262532,-0.20455415520844183,-0.012831436489581807,-0.02354146786348846,0.027890260199242206,-0.0010930555709054463
7.61,76.98407703823126,195.58132378194418,-6.998671460497807,2.3749971235109477,1.0,36.40702683254011,234.36775381216503,-8.580622735573485,0.8628556018649123,0.406499446022848,-0.01718991857417443,0.029601925264374947,-2.373027757341981,-0.21546403216270427,-0.20745914184400413,-0.047722267046076516,-0.12286308794901722,0.12160866755359352,-0.0020820566457111144
7.63,76.98407703823126,195.58132378194418,-6.998671460497807,2.3749971235109477,1.0,36.30346107360342,234.4758143581597,-8.584660386994019,0.8586427150814928,0.4062545154062973,-0.019008357305098856,0.027568291038538025,-2.373533667095976,-0.18811105891959282,-0.21397258342065656,-0.023158808766076226,-0.02924617409369404,0.0928303073284009,-0.06079756591860045
7.65,76.98407703823126,195.58132378194418,-6.998671460497807,2.3749971235109477,1.0,36.20282776153582,234.5826401122999,-8.588583713000553,0.8544779683313886,0.406234728939221,-0.01849720033265017,0.02756887259696548,-2.3748339913693584,-0.20253992282511415,-0.20589414339275622,-0.02271842056871294,-0.046987681750434274,-0.07483847800521776,-0.08406731698015153
7.67,76.98407703823126,195.58132378194418,-6.998671460497807,2.3749971235109477,1.0,36.095081319706104,234.68756488405333,-8.59278435400756,0.8503873339550361,0.40605281224682865,-0.01721858941821936,0.027884603268784353,-2.375773278166518,-0.2096806754155178,-0.20774224855436618,-0.016890619851526237,-0.028735267341921108,0.05208738540862804,-6.60886490704022e-05
7.69,76.98407703823126,195.58132378194418,-6.998671460497807,2.3749971235109477,1.0,35.988143191246195,234.79350206877652,-8.59695348182276,0.8462572292874654,0.40545885891297256,-0.0189271648161598,0.027161895649810988,-2.3756592054953614,-0.2022159753440832,-0.20902030663320256,-0.07226065777530201,0.1558622109125812,0.1929425902816896,0.025389227461210532
7.71,76.98407703823126,195.58132378194418,-6.998671460497807,2.3749971235109477,1.0,35.88598928778481,234.90512632504354,-8.600936090144842,0.8419054064310506,0.4048413608794849,-0.02065259457977476,0.026273039155287684,-2.375928778325216,-0.20474337506210616,-0.2159661402007372,-0.018810054975792433,-0.028613655160435562,0.03871275233935236,-0.05507541606898331
7.73,76.98407703823126,195.58132378194418,-6.998671460497807,2.3749971235109477,1.0,35.781676062016714,235.01455980470175,-8.605002882572448,0.8376389939687424,0.4052133064210658,-0.019839340772617613,0.025109275780148557,-2.376400395243178,-0.2057084074585964,-0.21143943259516662,-0.02421679817302833,0.028331916250368842,0.025791993636771114,-0.04727907351971042
7.75,76.98407703823126,195.58132378194418,-6.998671460497807,2.3749971235109477,1.0,35.67610264787552,235.12524356823604,-8.609118805151052,0.8333238374956714,0.40499277656077853,-0.020278186796166914,0.025471434068347152,-2.3772454891407464,-0.20632653951912205,-0.21886938795999508,-0.024177517030596514,0.03465872798568109,-0.012064505560852451,-0.06673718343906822
7.77,76.98407703823126,195.58132378194418,-6.998671460497807,2.3749971235109477,1.0,35.569627795974974,235.23871706810536,-8.61326987150195,0.828899919372111,0.4047651024354794,-0.02029563005344821,0.026305832538116747,-2.378562957292278,-0.20785850711126017,-0.22269816774749776,-0.024099649679664298,0.03751754737163501,-0.041394165127169646,-0.08775823551517452
7.79,76.98407703823126,195.58132378194418,-6.998671460497807,2.3749971235109477,1.0,35.46359743068449,235.3487377239361,-8.617403608940176,0.8246106150512236,0.40472858165773173,-0.01859412548200746,0.028621416852734546,-2.3804324974790516,-0.20487893738243898,-0.20974076636720668,-0.014072465066384626,0.02247774033060933,-0.21333395920895848,-0.12140782368878043
7.81,76.98407703823126,195.58132378194418,-6.998671460497807,2.3749971235109477,1.0,35.35407911274126,235.46300017619893,-8.621673328937963,0.8201559385497492,0.4038848274163908,-0.019536406899112724,0.024043206155340266,-2.381276849932452,-0.19720635164528288,-0.20748841508256882,-0.08913606757299793,0.1690259383544241,0.24167286779292868,-0.013343135483526218
7.83,76.98407703823126,195.58132378194418,-6.998671460497807,2.3749971235109477,1.0,35.253901745527955,235.5724866951028,-8.625578879316649,0.8158874582805925,0.40395552511202926,-0.019093510414384958,0.025114773401345686,-2.382805770735609,-0.20267407746053287,-0.2110340796095532,-0.013356795048489287,-0.01085407424505197,-0.03234292191387714,-0.07649846275049732
7.85,76.98407703823126,195.58132378194418,-6.998671460497807,2.3749971235109477,1.0,35.14816977880582,235.6849402144926,-8.629700983282424,0.8115033054778712,0.4038508639798,-0.018153779377533496,0.025581390912810004,-2.384496471594312,-0.2163888547441671,-0.20603074537879007,-0.07540167801169377,-0.18716710566674485,0.13229245705538056,-0.03896260043409904
7.87,76.98407703823126,195.58132378194418,-6.998671460497807,2.3749971235109477,1.0,35.041824009921164,235.78903423520708,-8.63384701715707,0.8074450590562549,0.4038421339338979,-0.017638553061723412,0.026430252759994253,-2.3851862138749063,-0.21149546861651677,-0.2045499821663489,-0.011118382171084809,-0.0015788659032477115,-0.058171081363695934,-0.04292265472351861
7.89,76.98407703823126,195.58132378194418,-6.998671460497807,2.3749971235109477,1.0,34.93131048310532,235.89663678172448,-8.63815553672104,0.8032500280029438,0.4038134304634067,-0.01719682713918222,0.026775144684523727,-2.385789438180735,-0.21459965211892262,-0.20691851186206114,-0.0041226029721623085,0.009572559001075072,0.004588756483832604,-0.01774346355618268
7.91,76.98407703823126,195.58132378194418,-6.998671460497807,2.3749971235109477,1.0,34.820657204781,236.0037695494374,-8.6424695046869,0.7990733119127704,0.40381246511566826,-0.017206650552436947,0.026767355531623745,-2.386101448333348,-0.2168274055349269,-0.2098077506175212,-0.004110292246865534,0.009603451750058983,0.006558057153307565,-0.013514496008074329
7.93,76.98407703823126,195.58132378194418,-6.998671460497807,2.3749971235109477,1.0,34.70873774285098,236.11154093824882,-8.646832836536024,0.7948716983138848,0.4038107330446501,-0.017208379659411396,0.026760078048716617,-2.3863496165625278,-0.21922424517294814,-0.21026661565317933,-0.004276757789667184,0.009398566708944189,0.008044558918071024,-0.008831880562377327
7.95,76.98407703823126,195.58132378194418,-6.998671460497807,2.3749971235109477,1.0,34.595767135991174,236.21930877260274,-8.651237148694301,0.790670223290341,0.40380778863127825,-0.01720955336132139,0.0267491912136986,-2.386495698832551,-0.22087845558854394,-0.21044092280445598,-0.004729849796893767,0.008195496302422101,0.008909314290393322,-0.004924642930859136
7.97,76.98407703823126,195.58132378194418,-6.998671460497807,2.3749971235109477,1.0,34.48187547271632,236.3262449797946,-8.655677369484744,0.7865011703783782,0.4028201211656111,-0.017387454598321323,0.022908627393670167,-2.386461630153596,-0.21666524351462593,-0.19635190183581527,-0.07533159237301419,-0.07825522406636926,0.28131393300714325,0.027175449689319658
7.99,76.98407703823126,195.58132378194418,-6.998671460497807,2.3749971235109477,1.0,34.37445872527018,236.43102466280405,-8.659865156909545,0.7824161924832733,0.4028066209573724,-0.018513163579855975,0.02119374935649166,-2.38618255408425,-0.212841227165581,-0.20578146418819607,-0.009575345082007802,0.005736835966636432,0.03307127346112157,-0.003961148514214148
8.01,76.98407703823126,195.58132378194418,-6.998671460497807,2.3749971235109477,1.0,34.27621221331434,236.53987848778064,-8.663695430280143,0.7781723786440288,0.4031747960014518,-0.01721188085461096,0.024439220804570293,-2.388480972929605,-0.2223180379484494,-0.20353301309730032,-0.04843697890836474,-0.08690633639407738,0.11725226451623835,-0.026704086982414228
8.03,76.98407703823126,195.58132378194418,-6.998671460497807,2.3749971235109477,1.0,34.16980538045429,236.64698329715256,-8.667843844816597,0.7739967525476591,0.4031452178338344,-0.017222944544374612,0.02419122529194851,-2.3894222891331154,-0.21679089713754537,-0.2093935757580558,-0.021704141215836,-0.031005019473020146,0.05753499204427405,-0.01588773531016266
8.05,76.98407703823126,195.58132378194418,-6.998671460497807,2.3749971235109477,1.0,34.057359195617195,236.75395668230044,-8.672227711671844,0.7698262502027113,0.4025854204231753,-0.01718473895279442,0.021954471038037195,-2.3896582730582705,-0.22102371220810738,-0.20542795463358593,-0.07522972403558499,-0.1938007580059795,0.2140339149404912,0.003179693785148382
8.07,76.98407703823126,195.58132378194418,-6.998671460497807,2.3749971235109477,1.0,33.94759541686406,236.85954014317454,-8.67650700129185,0.7657099359386152,0.4026202147271534,-0.017636167509228633,0.02165883721905954,-2.3896882440119875,-0.2232960802616805,-0.2081120582282305,-0.030353668739241935,-0.039774924032424025,-0.042226220140576455,-0.016597324688211963
8.09,76.98407703823126,195.58132378194418,-6.998671460497807,2.3749971235109477,1.0,33.83149116795693,236.96688576324794,-8.681033482730724,0.7615249215108011,0.40237489149046,-0.017239772069862005,0.021210919344242303,-2.3898174261404037,-0.22484574233139232,-0.21236051951308285,-0.017657268474007035,-0.011323061383616904,0.03076122990628024,-0.0024549879362978488
8.11,76.98407703823126,195.58132378194418,-6.998671460497807,2.3749971235109477,1.0,33.7167016507521,237.07437226961733,-8.685508707573018,0.7573344144398688,0.4020867450370857,-0.017222138962239234,0.020058184342396968,-2.3898465166585727,-0.22296916981857906,-0.20917614229649953,-0.020208069596362923,-0.03275346781417171,0.04961575404253839,0.0011766066327900246
8.13,76.98407703823126,195.58132378194418,-6.998671460497807,2.3749971235109477,1.0,33.602279627689924,237.18120141759303,-8.689969605158288,0.7531695353764903,0.40198853390963185,-0.017246028172922406,0.019716453993273406,-2.389819622070289,-0.2259126416941217,-0.21107997825874206,-0.023749916881689804,-0.02928321937926332,0.04581117949966439,0.0037364654254995033
8.15,76.98407703823126,195.58132378194418,-6.998671460497807,2.3749971235109477,1.0,33.48781627794814,237.2880421378989,-8.69443211392015,0.7490042051501392,0.4018475436296681,-0.017213195907255462,0.019125108494128875,-2.389803393612171,-0.22079333998154735,-0.20814106674819727,-0.007998130454194948,-2.2855297026624227e-05,0.0159795795320348,-0.0021096558647436345
8.17,76.98407703823126,195.58132378194418,-6.998671460497807,2.3749971235109477,1.0,33.37447279011503,237.39409513691416,-8.698850963348342,0.7448695853054899,0.40182640707069217,-0.017221300393268076,0.019046060698435573,-2.389807380185106,-0.22146724804843176,-0.2082648445226485,-0.01017016260281649,-0.00729662670877702,0.021505341567643717,0.0004023061495522461
8.19,76.98407703823126,195.58132378194418,-6.998671460497807,2.3749971235109477,1.0,33.260380503776915,237.50059173209942,-8.703299005700705,0.7407176712631803,0.4014311497989423,-0.017180556348043496,0.017454190546452482,-2.3897944603790915,-0.22427297352834455,-0.20667774002976677,-0.06659660575269478,-0.17550594817267906,0.18874721329200342,0.008867089207567805
8.21,76.98407703823126,195.58132378194418,-6.998671460497807,2.3749971235109477,1.0,33.150131549250474,237.59780831841957,-8.707597210555537,0.736927550938808,0.4016495720737213,-0.0172395526249306,0.018500627666488783,-2.3891941354020827,-0.22607011808012353,-0.2008950509604828,-0.015395040053305019,-0.021000992401258745,-0.001431887646863736,0.016089418459114345
8.23,76.98407703823126,195.58132378194418,-6.998671460497807,2.3749971235109477,1.0,33.035711594975034,237.70181554087657,-8.712058027486353,0.7328726884648519,0.40053249366517896,-0.020970266516309167,0.019061521116465176,-2.3893121468425735,-0.22638855279659958,-0.20158447850629083,-0.12617788291911142,0.3438006865833407,0.2352321450274834,-0.007336949640509069
8.25,76.98407703823126,195.58132378194418,-6.998671460497807,2.3749971235109477,1.0,32.92023619182212,237.81181302110758,-8.716559992521555,0.7285842876761173,0.40046014257540646,-0.021031706275131016,0.018138759467559832,-2.389439231476605,-0.22747112832965405,-0.20772162560589041,-0.02081616872889986,-0.024204928853649006,-0.007263465924868824,-0.0028006133264894817
8.27,76.98407703823126,195.58132378194418,-6.998671460497807,2.3749971235109477,1.0,32.80015977313901,237.91954608826666,-8.721241334380545,0.7243841680987664,0.4003882191801602,-0.018388472737950395,0.014990495656294614,-2.389618241453675,-0.21409464627120456,-0.20671860561847105,-0.04443433045170147,-0.05174524670101415,0.025191272760082217,0.011321042935178192
8.29,76.98407703823126,195.58132378194418,-6.998671460497807,2.3749971235109477,1.0,32.690479019099136,238.0239532253283,-8.725517387169624,0.7203137144121512,0.4006305752267195,-0.018943089142983524,0.016721687714668677,-2.3895910034412333,-0.2195865540646535,-0.21241018959376093,-0.02920085308561629,-0.01596333581491144,0.07705087937954863,0.003649976663441892
8.31,76.98407703823126,195.58132378194418,-6.998671460497807,2.3749971235109477,1.0,32.5780903044298,238.13218302517024,-8.729899013472522,0.7160942290381983,0.40015461446031003,-0.019512793940863,0.015615409158530782,-2.389579123961226,-0.221688200164449,-0.21181521423458313,-0.05214845323256642,-0.08986198522528237,0.1416875035774,0.001373527561776848
8.33,76.98407703823126,195.58132378194418,-6.998671460497807,2.3749971235109477,1.0,32.46701216894537,238.23910449497902,-8.734229545070356,0.7119257506830784,0.3998182519908652,-0.02016930486262566,0.01521210055742583,-2.3896273512659993,-0.2199099603869672,-0.20908547374227665,-0.023487241173481055,0.019520818891301535,0.04075588694735385,0.0029489233306593805
8.35,76.98407703823126,195.58132378194418,-6.998671460497807,2.3749971235109477,1.0,32.35461041202376,238.3463987364535,-8.738611679843128,0.7077427393195526,0.3996878014191175,-0.020614422184920118,0.01531859584457673,-2.389643507226496,-0.2201635151567837,-0.20659101171749003,-0.001748944580278587,0.0025171471159655444,-0.00032639727068204186,0.0015527769566669577
8.37,76.98407703823126,195.58132378194418,-6.998671460497807,2.3749971235109477,1.0,32.24171403610174,238.4520335339465,-8.74301309800773,0.7036244236278165,0.3996313409387556,-0.020238649449194086,0.015156936333566134,-2.3897052604690856,-0.21703408342682926,-0.20726112917918854,-0.022685133735667946,-0.05200870460641163,-0.0664872998891518,-0.010709423814020071
8.39,76.98407703823126,195.58132378194418,-6.998671460497807,2.3749971235109477,1.0,32.12835518534943,238.5562458865631,-8.74743254638014,0.6995615638766826,0.3996237716896161,-0.0183848996734818,0.01731126825347138,-2.3897977486330433,-0.2351001988440103,-0.2005126938474926,-0.016328903015365284,-0.010387716837990606,-0.1251875576446942,0.00029716226292206293
8.41,76.98407703823126,195.58132378194418,-6.998671460497807,2.3749971235109477,1.0,32.004251068327044,238.665520945545,-8.752270913515515,0.6953013276590639,0.39956136617042015,-0.019100702541107847,0.016232400146975304,-2.3887085352476283,-0.2410388718934641,-0.2080493964338384,-0.06531724464547194,0.008449023126269876,0.08074391448747911,-0.004868522950423615
8.43,76.98407703823126,195.58132378194418,-6.998671460497807,2.3749971235109477,1.0,31.88717382937279,238.77515393671663,-8.75683532828956,0.6910271369701116,0.3993826600004922,-0.0190899236303136,0.015689285983806502,-2.388610820472251,-0.22920216659586154,-0.2050017960471995,-0.018637742502939272,-0.01505772121790165,-0.04279005487740588,-0.0010618610413638653
8.45,76.98407703823126,195.58132378194418,-6.998671460497807,2.3749971235109477,1.0,31.77020137928996,238.8810014189379,-8.761395657727487,0.6869005294761047,0.39932714494297483,-0.018309201065703527,0.01614068726840234,-2.3886215513703077,-0.2266966879055077,-0.2071516088687676,-0.019632562182036368,-0.016439925083693418,-0.018066515471809184,0.00134759027468251
8.47,76.98407703823126,195.58132378194418,-6.998671460497807,2.3749971235109477,1.0,31.65285437012517,238.98725518748063,-8.765970589858668,0.6827580823594286,0.39893037547494564,-0.0171189459062135,0.014987742113260859,-2.3886053405813388,-0.23032936277207905,-0.20293887166816418,-0.013628567409020636,-0.058158590804150555,-0.01018770651164376,-0.0014250542620516029
8.49,76.98407703823126,195.58132378194418,-6.998671460497807,2.3749971235109477,1.0,31.539415578928764,239.09355356475632,-8.770393154817592,0.6786138961108639,0.3990125426693769,-0.017315255071223622,0.015685750201741233,-2.388810584421503,-0.22402938371992792,-0.20841948903071109,-0.03474153979637738,-0.08972735719373509,-0.01034469059010889,-0.006539731084005294
8.51,76.98407703823126,195.58132378194418,-6.998671460497807,2.3749971235109477,1.0,31.425707060621477,239.19847676739494,-8.774826235453354,0.6745233229085791,0.3989120315614323,-0.01713854122949096,0.015317839749852452,-2.38894832754667,-0.21932614870652611,-0.2052912892557262,-0.0016790944557500951,-0.010741798479111995,4.131557101195603e-05,-0.0001360491485917626
8.53,76.98407703823126,195.58132378194418,-6.998671460497807,2.3749971235109477,1.0,31.3134400083809,239.30376679213055,-8.779203118581641,0.6704184486498819,0.3989018365754172,-0.017167254163154014,0.015292278931030056,-2.388939808029286,-0.21908851082703698,-0.20645678963406894,-0.007956398946459959,-0.009472054550338671,0.020107146518776584,0.0026110225002749002
8.55,76.98407703823126,195.58132378194418,-6.998671460497807,2.3749971235109477,1.0,31.20236161193892,239.40886170655995,-8.783533660353259,0.6663211810308016,0.3988677312184945,-0.01728270425678508,0.015187414333050393,-2.388903184884862,-0.2172080868170228,-0.20435009584450733,-0.012326745697158602,-0.01061098240515743,0.032504654113806965,-0.0003722579730308306
8.57,76.98407703823126,195.58132378194418,-6.998671460497807,2.3749971235109477,1.0,31.091561604334963,239.51267615562418,-8.78785334875887,0.6622738340887269,0.3988686017688758,-0.017293617416332712,0.0151745982932528,-2.388895793837444,-0.21688476086275668,-0.2038670075938257,-0.012015916794634386,-0.011108601947843154,0.029897394563783247,-0.0010534867574860953
8.59,76.98407703823126,195.58132378194418,-6.998671460497807,2.3749971235109477,1.0,30.980856033052657,239.61644726338528,-8.792169355436544,0.6582281768660709,0.3988674951483404,-0.017289328114266832,0.015181671095055386,-2.3888916561591222,-0.2168875507365578,-0.2030085475071643,-0.012587674335313501,-0.010950506442701353,0.01886079195989955,-0.0009785799234508417
8.61,76.98407703823126,195.58132378194418,-6.998671460497807,2.3749971235109477,1.0,30.870158309866753,239.7201930288734,-8.796485056145546,0.6541835076462607,0.39886857459894987,-0.017293041959135325,0.015174991073098039,-2.3888871621051564,-0.21672254552892165,-0.20373448212248746,-0.012001407306545324,-0.011396709886886465,0.029466716947915954,-0.0007211836540430165
8.63,76.98407703823126,195.58132378194418,-6.998671460497807,2.3749971235109477,1.0,30.75952627191334,239.82389211500404,-8.80079819602677,0.6501406582844419,0.3988676113668883,-0.017288537824286247,0.01518183336691064,-2.3888827710410623,-0.21669098680875876,-0.2028953617132031,-0.012491271052039283,-0.011413879915723285,0.019099721947750815,-0.0007122597140264921
8.65,76.98407703823126,195.58132378194418,-6.998671460497807,2.3749971235109477,1.0,30.648916937348858,239.92755914659682,-8.80511045078562,0.6460990586122096,0.39886864500277364,-0.01729135648888576,0.015176252913503213,-2.388878004753828,-0.2164855013778622,-0.2035514150839778,-0.011947984230247892,-0.011720626589530974,0.02865798031904713,-0.00043557855951787306
8.67,76.98407703823126,195.58132378194418,-6.998671460497807,2.3749971235109477,1.0,30.538401136030615,240.03117127828236,-8.809419059024147,0.6420595992872389,0.3988686357617104,-0.017294277740694815,0.015173945862712883,-2.388872884126459,-0.21612159933551536,-0.2034034636942674,-0.012138645401583183,-0.011619448116369016,0.026359349156289822,-0.00043314795776789905
8.69,76.98407703823126,195.58132378194418,-6.998671460497807,2.3749971235109477,1.0,30.427962097628185,240.134729053794,-8.813724674556406,0.6380222591113454,0.3988681861625796,-0.01729570293546671,0.01517370604411803,-2.388867250566253,-0.21611575196112537,-0.2031571840024695,-0.01220375560992235,-0.011859227985478588,0.024568902375604794,-0.0003117313363244501
8.71,76.98407703823126,195.58132378194418,-6.998671460497807,2.3749971235109477,1.0,30.317505506941014,240.23827027648952,-8.818030974388265,0.633985564269414,0.39886826610349924,-0.017294615154157457,0.015174382389333782,-2.38886146425712,-0.21624656402678175,-0.20305546428249774,-0.01207872364500078,-0.012259967570429166,0.024303595482100617,-0.0002970925565915317
8.73,76.98407703823126,195.58132378194418,-6.998671460497807,2.3749971235109477,1.0,30.204278916326295,240.3432959660465,-8.822445266420027,0.6298909954757703,0.3978338428981936,-0.017159000390692153,0.011218327907365929,-2.388867321507955,-0.20778395607842687,-0.19725512072332443,-0.04726077172741451,-0.1029178570559878,0.09625021192964901,-0.0035574707762817837
8.75,76.98407703823126,195.58132378194418,-6.998671460497807,2.3749971235109477,1.0,30.095646137348616,240.44491082484575,-8.826680462481535,0.6259294025401262,0.3979307259414551,-0.017155624645218887,0.01148867633259565,-2.388882308256479,-0.21808826039334464,-0.20380832576661007,-0.002892436074324441,-0.008730489513622807,-0.0023689248016077755,0.0010310459149850768
8.77,76.98407703823126,195.58132378194418,-6.998671460497807,2.3749971235109477,1.0,29.984923120897744,240.54947679487208,-8.830997149282739,0.621852756535201,0.3984797596799442,-0.017210544771532374,0.013655916668017864,-2.3891489070697984,-0.22115775343954217,-0.20684864783227166,-0.018911028865176635,-0.04458854192240077,0.047429530198290694,-0.004155612130232546
8.79,76.98407703823126,195.58132378194418,-6.998671460497807,2.3749971235109477,1.0,29.874056738466354,240.65378240034454,-8.835319425400922,0.6177862611951441,0.3982669037189574,-0.017275734481099446,0.012825952809385198,-2.389146794784505,-0.2154284213925319,-0.20129527891948862,-0.02140757569046286,-0.04102265911405399,0.051290535548923516,0.0016366800684714023
8.81,76.98407703823126,195.58132378194418,-6.998671460497807,2.3749971235109477,1.0,29.764263295539134,240.7564979559648,-8.839599871518942,0.6137817561027366,0.39806642986294516,-0.01727668027355268,0.012043476188029404,-2.389128680504669,-0.21427154631665019,-0.20020936558271465,-0.021308612007759867,-0.040950378152146805,0.050662598336868495,0.001362256078081544
8.83,76.98407703823126,195.58132378194418,-6.998671460497807,2.3749971235109477,1.0,29.651975651174176,240.86007117590935,-8.843977557459096,0.609743813804704,0.39790137554303284,-0.01718449463896257,0.01155892329485879,-2.3891861946711708,-0.22309600344648015,-0.2042979855792966,-0.009567685683703578,0.0002925881983224266,-0.007793921848716447,-0.005746909666686345
8.85,76.98407703823126,195.58132378194418,-6.998671460497807,2.3749971235109477,1.0,29.537489960784427,240.9675348398016,-8.848440937201387,0.6055541972786912,0.39790087935049834,-0.01721982869104732,0.011596101970001218,-2.389190605418154,-0.2245092103402073,-0.21142971759227155,-0.01060270985262635,0.02058868586233562,-0.008764917346481865,0.0004120482874956843
8.87,76.98407703823126,195.58132378194418,-6.998671460497807,2.3749971235109477,1.0,29.42136566641325,241.07628035175796,-8.852968200139834,0.6013146061692797,0.39789908037250593,-0.017221243071414684,0.011601143836563793,-2.3891920817068333,-0.22578950203341172,-0.21256329138381314,-0.011039745799780289,0.021425859791418627,-0.009785775348003175,0.00031847140761743375
8.89,76.98407703823126,195.58132378194418,-6.998671460497807,2.3749971235109477,1.0,29.304954496262113,241.18529115142437,-8.857506647319216,0.5970646724590883,0.397898412760751,-0.017221675985363834,0.011602887095472152,-2.3891930807503416,-0.22585489625744137,-0.21261085283839298,-0.011243906736597267,0.0218621223424221,-0.010397902060782348,0.0003045120218572575
8.91,76.98407703823126,195.58132378194418,-6.998671460497807,2.3749971235109477,1.0,29.18858037041513,241.29426427355764,-8.862043650276213,0.5928162076585717,0.3978980722103982,-0.017221752888998104,0.011603687330387902,-2.3891940951285386,-0.22562403423588484,-0.21238127051024402,-0.011368445275358569,0.022158572970899897,-0.010876242267283542,0.00028765525807003295
8.93,76.98407703823126,195.58132378194418,-6.998671460497807,2.3749971235109477,1.0,29.07188917445522,241.40271438288167,-8.866593014641122,0.5885881332209871,0.39686501043672884,-0.017072853002768635,0.015328980292554148,-2.3891983358732607,-0.2470508182898528,-0.22715590651902223,-0.025174403882194565,-0.06979245381089175,-0.008569095461406245,0.026356710074074537
8.95,76.98407703823126,195.58132378194418,-6.998671460497807,2.3749971235109477,1.0,28.944692988869573,241.51512720012565,-8.871551930258496,0.5842055672465633,0.397365045966338,-0.015423297198232844,0.010911809638985602,-2.388907537843381,-0.2363576363542546,-0.2060590898419335,-0.030967695556298473,-0.23292101376520397,-0.01976280852204086,0.016198538189261147
8.97,76.98407703823126,195.58132378194418,-6.998671460497807,2.3749971235109477,1.0,28.827561777099664,241.61618905530347,-8.87611844923588,0.5802655339062979,0.3973158943787467,-0.016820337369628444,0.012264624512578887,-2.3896248163584635,-0.22166826597370387,-0.20993453301050222,-0.055328812371225264,0.04955735039790658,0.06824434165113097,-0.019434886215932874
8.99,76.98407703823126,195.58132378194418,-6.998671460497807,2.3749971235109477,1.0,28.719070362333824,241.72702473684885,-8.880348134022073,0.5759444547037486,0.3964247957273983,-0.018830337022520263,0.011296778035880892,-2.389447451237112,-0.20469299580008796,-0.202075090618215,-0.020123775082948415,-0.018544701524005988,-0.06105810831915655,0.06599038876585431
9.01,76.98407703823126,195.58132378194418,-6.998671460497807,2.3749971235109477,1.0,28.610604690504488,241.8292948198848,-8.88457681518501,0.5719573169635558,0.3966664584739247,-0.016042069256300126,0.012672344095929558,-2.3884853437843425,-0.22361641101619215,-0.19960609315483044,-0.031924276562450365,0.023342830606443238,-0.006564888182522422,0.008942672340072656
9.03,76.98407703823126,195.58132378194418,-6.998671460497807,2.3749971235109477,1.0,28.49569906328816,241.93575344171063,-8.889056566733405,0.567806883364108,0.39642470075695946,-0.016053336398942557,0.011988404818961323,-2.388356586842538,-0.22344039499293533,-0.2088712648809114,-0.02542157575557966,-0.017139641081591838,0.02269753445845896,0.0022903477399538706
9.05,76.98407703823126,195.58132378194418,-6.998671460497807,2.3749971235109477,1.0,28.381321162422434,242.0433455703328,-8.89351574415507,0.5636122584665569,0.3962256443029323,-0.016212088858971428,0.01138363012158922,-2.3883562930985427,-0.21804616084623035,-0.2105539647225134,-0.021148191387276128,0.05492546650963603,0.006799473846859083,-0.0021157672843147264
9.07,76.98407703823126,195.58132378194418,-6.998671460497807,2.3749971235109477,1.0,28.268025396364973,242.1534269430816,-8.897932733085186,0.5593205870143629,0.39600398205065485,-0.01699310504971812,0.011603443394796686,-2.3883469743885786,-0.22139596744397153,-0.21442587298516044,-0.023993878993429318,0.05825519968999812,0.0086172034952654,-0.0007069737384119888
9.09,76.98407703823126,195.58132378194418,-6.998671460497807,2.3749971235109477,1.0,28.15420484012656,242.26062186867708,-8.902370181671479,0.5551414476149286,0.3959693796556166,-0.01714888093228977,0.011484631942045185,-2.3883609636914236,-0.2197462811944446,-0.2056643880510264,-0.003300141031278152,-0.007014396866726907,-0.007049489067268976,0.00031193382630088267
9.11,76.98407703823126,195.58132378194418,-6.998671460497807,2.3749971235109477,1.0,28.04187026443797,242.3660054946637,-8.906749697292867,0.5510329241846523,0.39596935372307696,-0.017149911557979066,0.011484702279209119,-2.3883605703575927,-0.21891360220705114,-0.20486949662386478,-0.0032921714021022347,-0.007124246289750083,-0.006812177831387771,0.00031493412381035867
9.13,76.98407703823126,195.58132378194418,-6.998671460497807,2.3749971235109477,1.0,27.92968415175948,242.47122692322628,-8.911123424882671,0.54693072424069,0.3959693431610637,-0.017150144590330086,0.011484892283193401,-2.3883616814996937,-0.21887698226796004,-0.20477673345522046,-0.0032993096752237053,-0.007071045263175433,-0.006916670737552011,0.00014600483461808873
9.15,76.98407703823126,195.58132378194418,-6.998671460497807,2.3749971235109477,1.0,27.817512927953537,242.57643502759976,-8.915496572009609,0.5428290437582941,0.3959691850885692,-0.01715097111474323,0.01148572111891041,-2.388362329930153,-0.21886103130107792,-0.204682916184032,-0.003303207334041743,-0.006982444336461169,-0.007021807401498302,-2.520176946004566e-05
9.17,76.98407703823126,195.58132378194418,-6.998671460497807,2.3749971235109477,1.0,27.705885059336648,242.68220350002926,-8.919848535698376,0.5387055165680602,0.39591955002966334,-0.017347856512897993,0.01168399517238118,-2.3883648987231045,-0.21651746561318091,-0.20903671511702837,-0.016609824564837748,0.03643080568178987,-0.0033467042091781347,0.001394807912992074
9.19,76.98407703823126,195.58132378194418,-6.998671460497807,2.3749971235109477,1.0,27.593454865363473,242.78953101413978,-8.92423177912813,0.5345212080257413,0.3958806776042965,-0.01767163564412169,0.012047053043349064,-2.3883629975988048,-0.2212385979770219,-0.20820793700998755,-0.01724917160221847,0.01932819794464627,-0.0022665305809056405,0.0003014721774626912
9.21,76.98407703823126,195.58132378194418,-6.998671460497807,2.3749971235109477,1.0,27.47995356126219,242.89619041607173,-8.928656781237342,0.5303629467418423,0.3958784768310561,-0.017707559579237364,0.012088478295513941,-2.388360570577763,-0.2219264946296147,-0.20613334905146888,-0.01635970031614649,-0.0031858392475231628,-0.0005177369758102483,-0.00029450165356102194
9.23,76.98407703823126,195.58132378194418,-6.998671460497807,2.3749971235109477,1.0,27.366347425905868,243.0016081994178,-8.933085870335054,0.5262530916406316,0.39589342986541676,-0.017453670277389637,0.011805358121475647,-2.388356805437209,-0.22171318621376124,-0.2034234607108033,-0.015534450358065147,-0.02432499573472892,0.0010730269664433417,0.00047886898127956555
9.25,76.98407703823126,195.58132378194418,-6.998671460497807,2.3749971235109477,1.0,27.254175498362873,243.10669196765411,-8.937459044898134,0.5221562585709895,0.3958970039847922,-0.01742498766402611,0.011770932030778822,-2.388358088036431,-0.21861129792732306,-0.20523246271582446,-0.016912501679121682,0.010193382137860665,-0.0013692282523924274,0.0009156567267713431
9.27,76.98407703823126,195.58132378194418,-6.998671460497807,2.3749971235109477,1.0,27.141639079904316,243.2119916153421,-8.94184642963336,0.5180510091484563,0.3958993389589891,-0.01735485536964282,0.01169487613296831,-2.388354110186077,-0.22021716149942402,-0.20364939271871402,-0.01604169338225406,-0.010675790509955308,-9.809223156897898e-05,0.0003907532104434965
9.29,76.98407703823126,195.58132378194418,-6.998671460497807,2.3749971235109477,1.0,27.02980307236278,243.31735501764763,-8.946206507900087,0.5139432741657838,0.3958940915302832,-0.017448555494353847,0.011798443238440976,-2.3883558713399387,-0.21896933097420618,-0.2045940349666914,-0.01672754051967858,0.0058567144097504105,-0.0013482567794391813,0.0004489245800041371
9.31,76.98407703823126,195.58132378194418,-6.998671460497807,2.3749971235109477,1.0,26.917421825221876,243.42222666873187,-8.950587843071272,0.5098547107706868,0.3959032538916543,-0.017333780581050093,0.01167466976614176,-2.3883545223503613,-0.21728567208823746,-0.20231906601836225,-0.013693134455823985,0.022258747636503255,-0.006260461959180369,-0.003266765643618868
9.33,76.98407703823126,195.58132378194418,-6.998671460497807,2.3749971235109477,1.0,26.804601709451198,243.52561696465213,-8.954986288130558,0.5058239000135611,0.3949271357752683,-0.01702149997023792,0.015448011772364172,-2.3884941219701035,-0.240083170341459,-0.21640502613546592,-0.017035529614082733,-0.013227602573187102,-0.06171106907022922,-0.020133717955373068
9.35,76.98407703823126,195.58132378194418,-6.998671460497807,2.3749971235109477,1.0,26.688109292128857,243.63664432709896,-8.95952790284098,0.5014953478713854,0.39525824325501424,-0.018196314236905667,0.014197098017468959,-2.3882754438567866,-0.22032025624766582,-0.20714690851439604,-0.008849846401295249,-0.008140766455861509,-0.02267686239293648,0.004400611446677111
9.37,76.98407703823126,195.58132378194418,-6.998671460497807,2.3749971235109477,1.0,26.57495227693366,243.7444981650719,-8.963939482380754,0.4972905198802376,0.3954127658066573,-0.017794658414981183,0.013782001165611988,-2.387946713715303,-0.22651908516953684,-0.20288002404625455,-0.033088965028924666,-0.005652935599585985,0.010089355362612164,-0.001189687628985872
9.39,76.98407703823126,195.58132378194418,-6.998671460497807,2.3749971235109477,1.0,26.461949552144187,243.84954587642758,-8.968345046700032,0.4931950925369358,0.3949362651705606,-0.018517836028472318,0.014098414882139646,-2.3881264276325647,-0.2196268577209601,-0.20503145335564382,-0.01049721713738069,-0.011183042830270426,-0.07611839073876513,-0.046321745940558434
9.41,76.98407703823126,195.58132378194418,-6.998671460497807,2.3749971235109477,1.0,26.348448006604873,243.95355509058413,-8.972770058222032,0.48914015241387515,0.39495734057105203,-0.0177221518223241,0.014813400425053996,-2.388332352473574,-0.2216403999346248,-0.20244255047928936,-0.007748501399848605,-0.004897574175485846,-0.03809388136140678,-0.004760756985515724
9.43,76.98407703823126,195.58132378194418,-6.998671460497807,2.3749971235109477,1.0,26.2348670719375,244.0573797703863,-8.977198164836745,0.48509240661262065,0.3949697172399034,-0.017225535820000342,0.015249415094884054,-2.388315444103624,-0.21773993149264945,-0.20596809940068153,-0.005362857277519815,0.0003565253493621411,0.013537464190460194,-0.001932778444295802
9.45,76.98407703823126,195.58132378194418,-6.998671460497807,2.3749971235109477,1.0,26.12391128187693,244.16200633244458,-8.981523926632478,0.48101339834524015,0.3949636043054099,-0.017256750246369794,0.015227855105991986,-2.38833696447563,-0.21545104136034424,-0.20325296628972989,-0.006421048727185772,0.0013110564259800437,0.009161482334449399,-0.003661162596123534
9.47,76.98407703823126,195.58132378194418,-6.998671460497807,2.3749971235109477,1.0,26.01327181564636,244.26581770632146,-8.985837356115152,0.4769661712935093,0.39494197398054254,-0.017213071764262573,0.015127035868620884,-2.388347860998982,-0.21746330298180194,-0.20457637403129997,-0.01635472386859105,-0.0420956706459617,0.03402243326418154,-0.0064116323322271195
9.49,76.98407703823126,195.58132378194418,-6.998671460497807,2.3749971235109477,1.0,25.903637587287694,244.36784836079957,-8.990111595037517,0.4729883680000178,0.393979700541488,-0.01710446851300498,0.011425127034699846,-2.3883300355965242,-0.1984936048547734,-0.1852600769149028,-0.004632692670596225,-0.007718923413385341,-0.003407799754769014,-0.009833965804844996
9.51,76.98407703823126,195.58132378194418,-6.998671460497807,2.3749971235109477,1.0,25.79755513964986,244.46968264810434,-8.994247362976614,0.4690182203468096,0.3941711309040504,-0.01731649213536464,0.012253871499939624,-2.3884794683072617,-0.21411552403334255,-0.20130137113871793,-0.008289211765484073,-0.02558553652488227,0.012112770093557712,-0.0017223242690760504
9.53,76.98407703823126,195.58132378194418,-6.998671460497807,2.3749971235109477,1.0,25.69132903138076,244.57955602378524,-8.998388731720048,0.4647346579420951,0.3944740337297783,-0.017303008237665087,0.013355029337666831,-2.38948324402176,-0.20844017390407074,-0.20530180192631925,-0.02148827073570751,-0.030520692025242394,0.04937836781147569,-0.04151857099165687
9.55,76.98407703823126,195.58132378194418,-6.998671460497807,2.3749971235109477,1.0,25.584191025458423,244.6857149900475,-9.002565652028911,0.4605959068207596,0.3943081925247357,-0.01726745974770142,0.012687473572801714,-2.390206341173875,-0.20942145710783472,-0.20757693689382667,-0.016552038437053013,-0.019907180964101625,0.038369453792235206,-0.03433477096709488
9.57,76.98407703823126,195.58132378194418,-6.998671460497807,2.3749971235109477,1.0,25.475981704398734,244.79245211409724,-9.006784339009796,0.4564346154348046,0.3940553145363828,-0.017462191715890484,0.01193275873799777,-2.3908198796480913,-0.21113351560725085,-0.20729002888629963,-0.0331200982084496,0.04249804393779753,0.07989089709777926,-0.017688771863721156
9.59,76.98407703823126,195.58132378194418,-6.998671460497807,2.3749971235109477,1.0,25.364966331039515,244.89437711787065,-9.01111242374115,0.45246093107716834,0.39397294149110124,-0.017198282569760543,0.011583256413241325,-2.3908334567026293,-0.2126208399696641,-0.1998009643474499,-0.011381491016727868,0.025642904357389158,-0.015426338510227422,-0.00017507090827335804
9.61,76.98407703823126,195.58132378194418,-6.998671460497807,2.3749971235109477,1.0,25.25430572953863,244.99798565737663,-9.01542667721097,0.44842161179818196,0.3939718848853765,-0.017207120160776305,0.011587771017409121,-2.390827002240722,-0.2148034418726614,-0.20103407618305752,-0.011973234409137726,0.025725934184258135,-0.015161247858116447,0.0006637951115676347
9.63,76.98407703823126,195.58132378194418,-6.998671460497807,2.3749971235109477,1.0,25.14304332058641,245.1018107956165,-9.019764392959594,0.4443738481241136,0.3939723468538905,-0.01720999494065798,0.011590840924900566,-2.3908267703635393,-0.2149765122383436,-0.20143995638922432,-0.011774918720169742,0.02617964856242423,-0.015324973208202898,0.0008809296566350678
9.65,76.98407703823126,195.58132378194418,-6.998671460497807,2.3749971235109477,1.0,25.03180947958024,245.20567236100862,-9.024100994948139,0.44032466428816236,0.39397284715378283,-0.017221616747934872,0.011603399289540557,-2.390826074727882,-0.21469175654266107,-0.20136705179561604,-0.011639337590261516,0.02818996122407721,-0.015563713577179178,0.0011463838128170352
9.67,76.98407703823126,195.58132378194418,-6.998671460497807,2.3749971235109477,1.0,24.920569702218135,245.30953226073206,-9.028437828373562,0.43627554539056307,0.3939734526297595,-0.01723003300871662,0.011611912871133168,-2.39082497330687,-0.21487199943662122,-0.20145531059457267,-0.011634175696657806,0.024963985203002526,-0.015560820861779694,0.0008732639434157201
9.69,76.98407703823126,195.58132378194418,-6.998671460497807,2.3749971235109477,1.0,24.8097935254504,245.41158571008307,-9.032756587701739,0.432296853408067,0.39297855542494553,-0.01714107972738658,0.01547059862408542,-2.3910779062586167,-0.22823342609742361,-0.21465392204556563,-0.017253925306685288,0.02463997853630217,-0.04497478822381495,-0.01584929835962911
9.71,76.98407703823126,195.58132378194418,-6.998671460497807,2.3749971235109477,1.0,24.69300347196056,245.52065745578975,-9.037309806161382,0.42804454363392663,0.39322101116728997,-0.017470563698943793,0.01446353529975467,-2.390917344185425,-0.2227238212856754,-0.20751686214433157,-0.0022069761985724777,0.0001019809437440844,-0.006749678732504316,-0.00022996608958764098
9.73,76.98407703823126,195.58132378194418,-6.998671460497807,2.3749971235109477,1.0,24.57731827849645,245.62971038106355,-9.041819950156084,0.4237929675998629,0.39354725074789176,-0.017223425153568946,0.013276245475396332,-2.3906023000075654,-0.2197637902041211,-0.20660662455752676,-0.020984213640697257,0.0561963773763246,-0.04590013506962978,-0.00023207082824742032
9.75,76.98407703823126,195.58132378194418,-6.998671460497807,2.3749971235109477,1.0,24.462508351876266,245.73686149013383,-9.046295970687085,0.4196155364470235,0.3933392082563336,-0.017221565739654925,0.014098763069541448,-2.3906111631880718,-0.22291693133180399,-0.20796707599123304,-0.020617833238424012,0.051787344470426974,-0.04756300797486407,-0.0027927428407007963
9.77,76.98407703823126,195.58132378194418,-6.998671460497807,2.3749971235109477,1.0,24.346992786987464,245.84459249490632,-9.05079950148197,0.41541549727460675,0.39312913540749284,-0.017218775530375485,0.014921696615528642,-2.3906256128105223,-0.22349988440569066,-0.20849688889968138,-0.020258283442230043,0.05095990301898067,-0.04785057791888865,-0.0027193939020023696
9.79,76.98407703823126,195.58132378194418,-6.998671460497807,2.3749971235109477,1.0,24.231164152431916,245.95241673574992,-9.055315237721953,0.4112118231676442,0.3930308303493011,-0.017158628459613155,0.015320346186246966,-2.3906331960014984,-0.2238941713636505,-0.208451345013507,-0.002339981749313258,-0.002274957983586452,-0.006334715363832813,0.00037762176895456346
9.81,76.98407703823126,195.58132378194418,-6.998671460497807,2.3749971235109477,1.0,24.117409441477363,246.05865059294646,-9.059750119240649,0.40707015232177624,0.39303106414905886,-0.017161493681209655,0.015321151618568344,-2.390633036894765,-0.2209641980454542,-0.2060045483166708,-0.0024323495808144147,-0.0017072042319651757,-0.005544672119950121,-0.00010770442543284303
9.83,76.98407703823126,195.58132378194418,-6.998671460497807,2.3749971235109477,1.0,24.00431165689217,246.16427043985362,-9.064159389594847,0.4029524194988846,0.39303093497661,-0.01716193717055268,0.015320783530997703,-2.390633514706995,-0.22038078647505716,-0.20544699884989026,-0.0024970073521722643,-0.0020290526960050157,-0.005286922855487227,-1.6229252559589697e-05
9.85,76.98407703823126,195.58132378194418,-6.998671460497807,2.3749971235109477,1.0,23.891401669883432,246.26971137892514,-9.068561338406104,0.3988416616403444,0.3930308353162223,-0.017162096426067072,0.015320388494988124,-2.390633665089977,-0.22010644162047022,-0.2051820282689275,-0.002531993864408905,-0.0024262639652322298,-0.005125701201275031,1.6775574562511895e-05
9.87,76.98407703823126,195.58132378194418,-6.998671460497807,2.3749971235109477,1.0,23.778618667529766,246.3750346041055,-9.072958336548547,0.39473549301732985,0.39303074208437627,-0.01716226113947725,0.015319977425351294,-2.390633978932682,-0.21985910730039174,-0.2049614142791173,-0.002549063488644495,-0.0027916312917322154,-0.004984610344551592,-4.5038123572356325e-06
9.89,76.98407703823126,195.58132378194418,-6.998671460497807,2.3749971235109477,1.0,23.665807894069797,246.48015402068677,-9.077356417385193,0.3906372701486639,0.39300741931675265,-0.01706949284013113,0.015447754475398845,-2.390647079320469,-0.2220233255405298,-0.20438025829952478,-0.011304193250715432,0.005378703566294627,-0.041238555433938874,-0.0015895327960119658
9.91,76.98407703823126,195.58132378194418,-6.998671460497807,2.3749971235109477,1.0,23.547231435387282,246.58629397559898,-9.081979281271451,0.3864992602105657,0.3930227806392253,-0.016887824274325072,0.015690650507931184,-2.3903937667480677,-0.23049197839919044,-0.21171422424301964,-0.010407878821274488,-0.004926276768397313,0.0041369812914375526,0.005538737046277695
9.93,76.98407703823126,195.58132378194418,-6.998671460497807,2.3749971235109477,1.0,23.429982639719842,246.69390452222498,-9.08655038441638,0.38230391726218244,0.39230376842710846,-0.018768765820892618,0.016048523255316024,-2.3905463342000544,-0.23144336017189537,-0.20607037755991017,-0.1041446100598845,0.22435606230439895,0.18402813554782238,-0.013552856395152899
9.95,76.98407703823126,195.58132378194418,-6.998671460497807,2.3749971235109477,1.0,23.313471086977316,246.8066359433206,-9.091092745147083,0.3779089300849673,0.39186185918535477,-0.019713757726318424,0.016172338507126186,-2.3912629363998406,-0.23256073049506806,-0.20850574724640586,-0.01713292238667077,0.001946555202291983,0.016679137307654524,-0.005853886288136101
9.97,76.98407703823126,195.58132378194418,-6.998671460497807,2.3749971235109477,1.0,23.19236183652587,246.92121671280984,-9.095814353351818,0.37344184355517246,0.3925913373143927,-0.017623077135573376,0.016095714770350582,-2.3925456441225323,-0.23192029830022518,-0.21021169335784395,-0.026333497842028986,0.02196788062497649,-0.028157448419667868,0.012942522485653772
9.99,76.98407703823126,195.58132378194418,-6.998671460497807,2.3749971235109477,1.0,23.072309174796086,247.02994111151148,-9.100494769013798,0.3692030755746015,0.39240550890831477,-0.017126011275536,0.0176334438811804,-2.392519637803952,-0.23256839322540643,-0.21799902448796568,-0.023337558839260204,0.018005101397544493,-0.0036734004741326657,0.0036874882370590677
10.01,76.98407703823126,195.58132378194418,-6.998671460497807,2.3749971235109477,1.0,22.953767951938072,247.14041250706825,-9.105116259183701,0.36489619855484423,0.3921791365479932,-0.017102554657823798,0.018509581332074598,-2.3925490440884647,-0.23142926148206547,-0.21341067962078486,-0.02577906111876731,0.024260522529064556,-0.035425824777066496,0.0031849631267501185
10.03,76.98407703823126,195.58132378194418,-6.998671460497807,2.3749971235109477,1.0,22.83634843219747,247.25049250005418,-9.109694018237915,0.3606045808945742,0.39199784017332695,-0.017371707353226587,0.018895640273845816,-2.392533790932505,-0.22457180076932534,-0.21630769061613075,-0.01725504251052097,-0.006872886159157951,0.054241462857740945,0.0063358462710365005
10.05,76.98407703823126,195.58132378194418,-6.998671460497807,2.3749971235109477,1.0,22.722616948133467,247.35936375431703,-9.114127994224816,0.35636008755099335,0.39194754627412637,-0.01792585628204183,0.018313456276745677,-2.3924918855120327,-0.22186300732002817,-0.20918055868186797,-0.01756241672199378,-0.0015007133922690678,0.035791679722364626,0.0021440147906135482
10.07,76.98407703823126,195.58132378194418,-6.998671460497807,2.3749971235109477,1.0,22.607642596797785,247.46658583658444,-9.11861042507611,0.3521798894119132,0.39132277610766425,-0.017014056190003717,0.016368555140076308,-2.3926016137718054,-0.23273515516941956,-0.2059744616007163,-0.08211569069186489,-0.23417472782163712,0.19634646593219912,-0.015889462162327398
10.09,76.98407703823126,195.58132378194418,-6.998671460497807,2.3749971235109477,1.0,22.495172005178507,247.5685373261756,-9.122995243462826,0.3482051724687885,0.39106683192936875,-0.0171416302712353,0.015316462109452145,-2.392751566446382,-0.21568622298439297,-0.2019951280544806,-0.0024408946891787096,-0.008067117963897285,-0.004047321388122207,-0.004469931077987781
10.11,76.98407703823126,195.58132378194418,-6.998671460497807,2.3749971235109477,1.0,22.386878823291,247.67481225105547,-9.127217199871696,0.3440619005436469,0.3915932980303485,-0.017967152805842136,0.016919617504837618,-2.3932837847510995,-0.22443465807878382,-0.2037486662645018,-0.02502525736259777,-0.025568508307214324,-0.006843946894961367,-0.0021326151078513125
10.13,76.98407703823126,195.58132378194418,-6.998671460497807,2.3749971235109477,1.0,22.270677932841156,247.77961394525693,-9.13174744901204,0.3399760645124011,0.3914300469074949,-0.017319929500399144,0.016813357554383197,-2.3932872194275796,-0.22940214927546038,-0.20449421982810687,-0.021758901372291542,-0.03328949715794347,0.01876142795035684,0.0018273606953918575
10.15,76.98407703823126,195.58132378194418,-6.998671460497807,2.3749971235109477,1.0,22.156391143584177,247.88632405041926,-9.136203074324204,0.33581582649437614,0.3912123067648125,-0.017450212592499063,0.015861226425567632,-2.393268569425872,-0.22283641611712024,-0.20525915720791285,-0.026857924150645848,-0.0305558509763173,0.0381054725179483,0.003621227188562114
10.17,76.98407703823126,195.58132378194418,-6.998671460497807,2.3749971235109477,1.0,22.041949017345342,247.9912104034469,-9.140664755659051,0.33172668992409776,0.39107296179949286,-0.017201235945254655,0.015328769442172598,-2.393286306859387,-0.22453819525976026,-0.20263591020183816,-0.003522556841301136,-0.028138304145212616,0.002568467163539376,-0.006246990753906018
10.19,76.98407703823126,195.58132378194418,-6.998671460497807,2.3749971235109477,1.0,21.929014265085186,248.09554289587666,-9.145067669977186,0.3276591463595849,0.3910711826329639,-0.01715299116368671,0.015312431458619876,-2.3932929449558333,-0.2197660689645967,-0.20390873135639326,-0.0012553133473613026,-0.00877027051877978,0.0007928710362005302,-0.00018530374409392417
10.21,76.98407703823126,195.58132378194418,-6.998671460497807,2.3749971235109477,1.0,21.816472743550943,248.2000867712973,-9.149455253662731,0.32358336174279434,0.39107102888838047,-0.017153337345061102,0.015312335436222338,-2.3932905154691824,-0.22002531041567036,-0.20408772312735385,-0.001289536918575246,-0.008848870823611852,0.0012892479488820047,-0.0003375958414673755
10.23,76.98407703823126,195.58132378194418,-6.998671460497807,2.3749971235109477,1.0,21.703780451881375,248.30473120864022,-9.153848715326262,0.31950365658322755,0.39107099424292224,-0.01715305031670465,0.015311695428680182,-2.3932924648473874,-0.22028155390011117,-0.204350681733763,-0.0013464770979661738,-0.009045881350462947,0.0015561837976517774,-0.00015689586524319062
10.25,76.98407703823126,195.58132378194418,-6.998671460497807,2.3749971235109477,1.0,21.59008636895363,248.40773779330976,-9.158281233179196,0.3154878053290546,0.3910228056614895,-0.016465740229602267,0.015934031741504116,-2.393257222602245,-0.2274529177226052,-0.1958066543142576,-0.014878300250179378,-0.017489249676917763,-0.10544174993320764,-0.002500979237511134
10.27,76.98407703823126,195.58132378194418,-6.998671460497807,2.3749971235109477,1.0,21.46906055607445,248.5059354965024,-9.162999588457136,0.3116594348342161,0.39104202247697994,-0.013705111834720866,0.018386469543993443,-2.3933069232591375,-0.25226804685345366,-0.19267318546643164,-0.0068922740370237975,-0.005643482753416461,-0.012281821875342026,-0.005295000380297956
10.29,76.98407703823126,195.58132378194418,-6.998671460497807,2.3749971235109477,1.0,21.350134325652927,248.61416306954547,-9.167636088668502,0.3074400362750308,0.39105496374469734,-0.013998686661425197,0.018042196869812312,-2.393239443108202,-0.2366654392668616,-0.2015467539429233,-0.014907793547268205,-0.004135836826406448,-0.0693868055975844,-0.0010786089085198722
10.31,76.98407703823126,195.58132378194418,-6.998671460497807,2.3749971235109477,1.0,21.23875826932648,248.72325162808548,-9.171978235113977,0.30318707102980463,0.3910406796681133,-0.013832942434433318,0.018262393832299044,-2.392680713181797,-0.22973166709293427,-0.19959917023573798,-0.01382039194304314,-0.011865506873399838,0.01354005861711666,-0.0006261957191313061
10.33,76.98407703823126,195.58132378194418,-6.998671460497807,2.3749971235109477,1.0,21.126339783658707,248.8252566675953,-9.176361022079583,0.29921026637055304,0.3906329864616974,-0.015456721519787938,0.018530164419851048,-2.3930868652289963,-0.23031991053650455,-0.1973360352964618,-0.08114991299051492,0.2306796895276317,0.11497802289609274,-0.06326207534064268
10.35,76.98407703823126,195.58132378194418,-6.998671460497807,2.3749971235109477,1.0,21.00996554348685,248.9344974399497,-9.18089802949369,0.2949513668635586,0.39009299101093653,-0.01718070920614647,0.01911403978944651,-2.3935731352396705,-0.23055545079302137,-0.2110207441731676,-0.004805061955083786,-0.009907402182052244,-0.008575473129633419,0.009409742424837012
10.37,76.98407703823126,195.58132378194418,-6.998671460497807,2.3749971235109477,1.0,20.890859162351934,249.04224241296052,-9.185541553124681,0.29075078312044855,0.3906828954122632,-0.01498888083742614,0.018549422911858404,-2.39357623120988,-0.23285728228018376,-0.1977101926231679,-0.023182970914439632,0.0037662286220408042,-0.06089475275112331,-0.013637030965107641
10.39,76.98407703823126,195.58132378194418,-6.998671460497807,2.3749971235109477,1.0,20.77765201842992,249.14977804836738,-9.189955087000783,0.2865583606874322,0.3904885439677039,-0.015727416111786238,0.018687986831081034,-2.3936259129750175,-0.2176605238294633,-0.20967486066928362,-0.02348490922908043,0.022212070553621704,0.04584201621808866,0.0019803906187070733
10.41,76.98407703823126,195.58132378194418,-6.998671460497807,2.3749971235109477,1.0,20.666476235980472,249.25625339160555,-9.194289425497837,0.2824072751810694,0.3902814915897028,-0.01644724036834609,0.0188455364386287,-2.3936110897603933,-0.21734276031755065,-0.20788447290390366,-0.022975322740668887,0.0207160273936371,0.04424604757662765,-3.3514652341451586e-05
10.43,76.98407703823126,195.58132378194418,-6.998671460497807,2.3749971235109477,1.0,20.555431583887106,249.36237489421825,-9.198618651700308,0.27826998463086766,0.39009984697338895,-0.01710952269655829,0.019073278604849257,-2.393611307934414,-0.219410634146594,-0.20758236961705331,-0.009359656861604728,0.023958270258381886,0.0010247094381874893,0.0002123649779652094
10.45,76.98407703823126,195.58132378194418,-6.998671460497807,2.3749971235109477,1.0,20.441454358663943,249.468245222689,-9.203062208239222,0.27414248644487316,0.39009058105008554,-0.0171539120303072,0.019145251829209977,-2.3936117675403796,-0.2225567552568671,-0.20605053031719978,-0.0030035670126482773,-0.007687013668253552,-0.00315906124494531,0.00023620210621426614
10.47,76.98407703823126,195.58132378194418,-6.998671460497807,2.3749971235109477,1.0,20.32770981823559,249.5738370320328,-9.207496693246176,0.2700258467043739,0.39009057045068285,-0.017154275806512104,0.019145666686958055,-2.393612397505678,-0.22218396512740185,-0.20575501246473538,-0.003051759233741242,-0.00757913566584365,-0.003530142547422248,0.00027236248504229204
10.49,76.98407703823126,195.58132378194418,-6.998671460497807,2.3749971235109477,1.0,20.214058363904883,249.6793426379388,-9.211927549165502,0.2659125677216857,0.39009050705659615,-0.01715410206949662,0.01914596833735654,-2.3936124390139524,-0.22205712636818886,-0.20560457968239454,-0.0031118008381079854,-0.0075966045269283775,-0.003942940508614704,0.00022352054044512417
10.51,76.98407703823126,195.58132378194418,-6.998671460497807,2.3749971235109477,1.0,20.101631272838045,249.78399519843785,-9.216310671624248,0.2618325458698679,0.39005912293754325,-0.01721780401751844,0.01903773089578067,-2.393598465668478,-0.21714436421065758,-0.2025593670227088,-0.010827593843916506,-0.015001772132062578,0.023851492353123192,0.0010384403785672586
10.53,76.98407703823126,195.58132378194418,-6.998671460497807,2.3749971235109477,1.0,19.99114276825024,249.88659648154578,-9.220618215662759,0.25783249584616824,0.39005739361891956,-0.017221592700737084,0.019033652312463668,-2.393594374415624,-0.21515076668491098,-0.20057033936221083,-0.011018731117715331,-0.014899648928007247,0.023919082870302737,0.001104175655218574
10.55,76.98407703823126,195.58132378194418,-6.998671460497807,2.3749971235109477,1.0,19.88123080223053,249.98864431401614,-9.224903282564112,0.2538540228453735,0.3900571542316013,-0.017222344021166274,0.01903339211837274,-2.3935919797283915,-0.21446220552456324,-0.19991863681857833,-0.010996153247124435,-0.015049368308622163,0.02376159470692959,0.0011318785314122668
10.57,76.98407703823126,195.58132378194418,-6.998671460497807,2.3749971235109477,1.0,19.770381796639054,250.08760957375287,-9.229224881222649,0.2499957281187961,0.38998592610285293,-0.016153648071659418,0.020250535147724152,-2.3935692820672427,-0.2211262245819904,-0.18623940816259382,-0.02262930938389448,-0.007885013041456022,-0.18136817371206912,0.006844839210360149
10.59,76.98407703823126,195.58132378194418,-6.998671460497807,2.3749971235109477,1.0,19.650387828670763,250.1845591783877,-9.23390300862882,0.2462160164371254,0.3898858311300107,-0.013631964028921337,0.02298508715044764,-2.393464329284331,-0.2339907052785996,-0.20957649769193892,-0.0070345457673376965,-0.019225942164071724,-0.007681702297986523,0.004175437213197916
10.61,76.98407703823126,195.58132378194418,-6.998671460497807,2.3749971235109477,1.0,19.53162003471101,250.29325419227976,-9.238533331980078,0.24197839406316818,0.3897391460306852,-0.015947280625484343,0.01935412028121924,-2.3935764831797224,-0.22783636263548393,-0.20908252523033916,-0.05653614310405451,-0.1445903516508006,0.09552366484825259,-0.008257366628432999
10.63,76.98407703823126,195.58132378194418,-6.998671460497807,2.3749971235109477,1.0,19.421960105425757,250.39656771774887,-9.242808572887885,0.2379505763060864,0.38903409297792624,-0.016276005781191403,0.016486519233020296,-2.3937879309265275,-0.1986229702500968,-0.19105123204119875,-0.01602043897878154,-0.013847183076907365,0.0318910704615724,0.014288128043835363
10.65,76.98407703823126,195.58132378194418,-6.998671460497807,2.3749971235109477,1.0,19.319243851109977,250.49175940067354,-9.246813105219884,0.2342393995838784,0.3896138282195182,-0.01572378669973839,0.019615009325441836,-2.3937420005557972,-0.20590673431767964,-0.1897016016226221,-0.0301842242252228,-0.028771855062227892,-0.16325096828588664,0.01037356036073057
10.67,76.98407703823126,195.58132378194418,-6.998671460497807,2.3749971235109477,1.0,19.206072149459104,250.59215050972097,-9.25122525733103,0.23032551619021593,0.3894202233404248,-0.014216004793638522,0.020506713423027432,-2.393565166302817,-0.22132982962442205,-0.2027521805742778,-0.020508264995487212,-0.04434866451279133,0.004129758945017371,-0.002440390654787337
10.69,76.98407703823126,195.58132378194418,-6.998671460497807,2.3749971235109477,1.0,19.094398364846406,250.69805272694185,-9.2555790111171,0.22619677477809563,0.3887688934823341,-0.015617275346953096,0.020315878544964572,-2.393795475224964,-0.21015799562356946,-0.22146897334641288,-0.07133616428358541,0.14399701060183348,0.18331060430202845,-0.02673862102055906
10.71,76.98407703823126,195.58132378194418,-6.998671460497807,2.3749971235109477,1.0,18.990799657179597,250.81027960654464,-9.259617947088515,0.22182145783451684,0.3881766024202958,-0.017293654639397023,0.019454874934893108,-2.3931707812531586,-0.2056739890019268,-0.20232181576071326,-0.02235904607734965,-0.040847249699376156,-0.012059030249416462,0.08551316949227863
10.73,76.98407703823126,195.58132378194418,-6.998671460497807,2.3749971235109477,1.0,18.88307379235299,250.91859670944956,-9.263817785873178,0.21759856883237474,0.3886625256186371,-0.015162606133821609,0.019426335731307087,-2.3920291234088986,-0.21180756954230093,-0.19514423121007624,-0.022483955391901303,0.026957368266233604,0.041818430358564015,0.06337384203996675
10.75,76.98407703823126,195.58132378194418,-6.998671460497807,2.3749971235109477,1.0,18.776458415169053,251.0224091008545,-9.26797433079263,0.21355130211093593,0.3885078142566418,-0.015804396639242945,0.019309666176728905,-2.3916446800147764,-0.2101760545355349,-0.20084086620323313,-0.02027298058641151,0.0046190268655903945,0.049647208296641515,0.005406639088185438
10.77,76.98407703823126,195.58132378194418,-6.998671460497807,2.3749971235109477,1.0,18.668952659500054,251.12580637026855,-9.272165588323585,0.20952021948270683,0.38831068153631493,-0.01649409546638925,0.019160884176467243,-2.391626592956558,-0.21096701777646631,-0.2012325466878283,-0.019823381232647503,0.003436440190572005,0.04543318127048995,0.0016462950662860776
10.79,76.98407703823126,195.58132378194418,-6.998671460497807,2.3749971235109477,1.0,18.56111169685969,251.22921684576437,-9.276369914352449,0.20548862199749146,0.38812507442594896,-0.017135307004781112,0.01910836949009272,-2.391625449111529,-0.21328977282736833,-0.199291328450363,-0.011852120415799238,0.019948383635757228,-0.007811526928737446,0.0013909776749440243
10.81,76.98407703823126,195.58132378194418,-6.998671460497807,2.3749971235109477,1.0,18.449624737066333,251.3327629552172,-9.280716384519831,0.2014517366387055,0.38812810256759067,-0.017156786246392323,0.019149591159329325,-2.3916409216251715,-0.2182889116718612,-0.20300152121806658,-0.0030425125461649213,-0.007703786744239781,-0.006750175269227716,0.0007336009743282109
10.83,76.98407703823126,195.58132378194418,-6.998671460497807,2.3749971235109477,1.0,18.33896948430888,251.43496246379635,-9.285030429461642,0.19746735033932372,0.38812812349598896,-0.016794878974366944,0.019554870278055088,-2.3915265002240016,-0.21547176681949,-0.19678438351241911,-0.005366070465443544,-0.01848587952572926,-0.024254600322509215,0.006074948690634663
10.85,76.98407703823126,195.58132378194418,-6.998671460497807,2.3749971235109477,1.0,18.23000671262678,251.5373650472375,-9.289278490735798,0.193475046891325,0.38811426836525587,-0.01685972760527488,0.019469067276258824,-2.3914836719650854,-0.21119120044551845,-0.19747098663004417,-0.007341804883007074,-0.01988235396150187,-0.008433301484373143,0.0063101195253223216
10.87,76.98407703823126,195.58132378194418,-6.998671460497807,2.3749971235109477,1.0,18.121771293642713,251.63772469220135,-9.293498195179621,0.18956239016758875,0.3881295685397696,-0.016605829483299837,0.019746288575189615,-2.3914202137158833,-0.21151664485195948,-0.19461165061668478,-0.006600281330568156,-0.0202750043941756,-0.028311239430342368,0.00333271197342144
10.89,76.98407703823126,195.58132378194418,-6.998671460497807,2.3749971235109477,1.0,18.012466187033045,251.7371012401304,-9.297759602844716,0.1856880608136309,0.388160654418003,-0.016115607660271487,0.02028268977762772,-2.3914665930817915,-0.21524202685392582,-0.19327805853442714,-0.00592091947940861,-0.0204412044533072,-0.04315408803188874,-0.005430990959057249
10.91,76.98407703823126,195.58132378194418,-6.998671460497807,2.3749971235109477,1.0,17.90145176693179,251.83577594101513,-9.302087650412016,0.18184109391753867,0.38757530622394676,-0.01667876029973337,0.021961534291843905,-2.391824222536849,-0.21650576986714362,-0.1929900264157966,-0.09856422510266191,0.21786741875615978,-0.03630279008846305,-0.02849116886620472
10.93,76.98407703823126,195.58132378194418,-6.998671460497807,2.3749971235109477,1.0,17.790984971284313,251.94220555503068,-9.306394348098078,0.17769179122687362,0.38708319960986726,-0.01808784246323068,0.021793901867023846,-2.391571751849424,-0.21729422720916405,-0.20160478767761372,-0.009844008532628151,-0.011960683213630877,-0.014104312409907654,0.00482914467941695
10.95,76.98407703823126,195.58132378194418,-6.998671460497807,2.3749971235109477,1.0,17.6883869297689,252.04529754953776,-9.310394271743903,0.17367261015447288,0.38757019126791464,-0.015784138517273692,0.022692039592870035,-2.3897828803934162,-0.21820058832293152,-0.20796544704991243,-0.04833105626814482,0.07356553583513831,0.08388630077046542,0.02402301435931388
10.97,76.98407703823126,195.58132378194418,-6.998671460497807,2.3749971235109477,1.0,17.583306923644745,252.15626178683317,-9.314490958142505,0.16934651903184647,0.387559424979375,-0.01625965010736383,0.022368255092289555,-2.388712741625921,-0.21985280435192117,-0.21310883080729123,-0.02755722641295023,0.027195966646989443,0.06133218619243806,0.0003023125891850227
10.99,76.98407703823126,195.58132378194418,-6.998671460497807,2.3749971235109477,1.0,17.471079130601936,252.26598475469598,-9.31886631069778,0.16506882047968938,0.3873232167456094,-0.017178750394430557,0.022128018268072806,-2.3886396867744586,-0.22330677326420978,-0.21286665956634226,-0.02399266343103201,0.023662399386757932,0.0418602178950715,-0.011214109840878807
11.01,76.98407703823126,195.58132378194418,-6.998671460497807,2.3749971235109477,1.0,17.35701898626671,252.37519095925694,-9.323313099950616,0.1608112686449542,0.3871132543586552,-0.01769917422056282,0.022221685300044033,-2.3887231251033865,-0.2239058611558864,-0.20976954515168467,-0.011365161120771905,-0.004119465819175229,-0.029719961112618057,-0.00868389879774976
11.03,76.98407703823126,195.58132378194418,-6.998671460497807,2.3749971235109477,1.0,17.240364426323982,252.48225178462656,-9.327861036010761,0.15663735732450101,0.38632878623961103,-0.017195426458440775,0.019801980126655384,-2.3885637552481302,-0.2256929247819437,-0.20921743098015047,-0.0942149952878849,-0.22827114234971582,0.252294646054356,0.014635535752234809
11.05,76.98407703823126,195.58132378194418,-6.998671460497807,2.3749971235109477,1.0,17.133512671781865,252.58190669624935,-9.33202679642176,0.15275217558482165,0.3861680497662615,-0.01714877815858998,0.019139784626323576,-2.3885337511937665,-0.21222009514580706,-0.19872873620714743,-0.0037912945881725954,-0.008504770912628277,-0.006782664212206494,-0.00048688706014765463
11.07,76.98407703823126,195.58132378194418,-6.998671460497807,2.3749971235109477,1.0,17.02484576943652,252.6885254353263,-9.336263322828986,0.14859549959741367,0.3867258997976774,-0.017206190061464954,0.0214574366677512,-2.3892791121106454,-0.22189282460811363,-0.20585031613606716,-0.01874418649476883,-0.026990647630632716,0.0030878042879755475,-0.021672627824469083
11.09,76.98407703823126,195.58132378194418,-6.998671460497807,2.3749971235109477,1.0,16.91236951564336,252.79376685771334,-9.340648361963222,0.14449252016712089,0.3865392899960674,-0.01724216990820152,0.020614230504302913,-2.389283133449484,-0.2180092342608336,-0.20358524525815064,-0.01912077848723045,-0.029514980344323687,0.04269772514217726,0.0019327067570498531
11.11,76.98407703823126,195.58132378194418,-6.998671460497807,2.3749971235109477,1.0,16.80113223767724,252.89783801083985,-9.344985097946306,0.14043516526940245,0.3863367027251017,-0.017240684963011246,0.01982236431383817,-2.3892708222603116,-0.21662331775100865,-0.20226673987360663,-0.01895988461747576,-0.028971168338130744,0.042556782506802684,0.0021362556145890156
11.13,76.98407703823126,195.58132378194418,-6.998671460497807,2.3749971235109477,1.0,16.69034403575374,253.00125265494393,-9.349304326091472,0.13640340526534522,0.38616929773168585,-0.017176043720950517,0.019168668103476946,-2.389251433223243,-0.2153169033965779,-0.1986706027979807,-0.004716595859428923,-0.010130284416456348,-0.0065265675179720616,-0.000574773850570421
11.15,76.98407703823126,195.58132378194418,-6.998671460497807,2.3749971235109477,1.0,16.57955757025747,253.10464322604793,-9.35362348653967,0.13237258377980793,0.38616932017324085,-0.017153262933813414,0.019148739691490807,-2.3892493994914417,-0.21652098216406562,-0.20215476548949102,-0.0029873842151915547,-0.0055011486009031415,-0.00766379160948388,-0.0011529309393824118
11.17,76.98407703823126,195.58132378194418,-6.998671460497807,2.3749971235109477,1.0,16.46831905622087,253.20884265808579,-9.357960270712637,0.1283102277549386,0.38616948222619285,-0.01715448337117539,0.01914979136588271,-2.3892500559490815,-0.21704209183636278,-0.2027538100996617,-0.0028280506142366437,-0.0045093869823513615,-0.00791829292910951,-0.001436108296313913
11.19,76.98407703823126,195.58132378194418,-6.998671460497807,2.3749971235109477,1.0,16.35691383504984,253.31319316764976,-9.36230355418909,0.12424198176803988,0.3861695340107375,-0.01715514861661973,0.019150052966665266,-2.389251215092598,-0.21716843674092423,-0.2029506540849962,-0.002690153897427497,-0.0037893926267207334,-0.00810586061637011,-0.0016280488264945679
11.21,76.98407703823126,195.58132378194418,-6.998671460497807,2.3749971235109477,1.0,16.24543724880891,253.41760839161412,-9.366649619929477,0.12017121280256705,0.3861695664919331,-0.017155640852617393,0.01915014671274069,-2.389252315471557,-0.21724899459684116,-0.20308874421218082,-0.00255459662697153,-0.0030980056176237356,-0.00827356520414176,-0.0017801007778581205
11.23,76.98407703823126,195.58132378194418,-6.998671460497807,2.3749971235109477,1.0,16.133811821347575,253.52002632020313,-9.371001488446488,0.11617831110319268,0.3860706139113087,-0.01594189301278328,0.020446822644650656,-2.38962134091971,-0.21816992846490812,-0.19502808124087834,-0.016998775071812938,-0.0024264312678113622,-0.21655544976188126,-0.06010491050709277
11.25,76.98407703823126,195.58132378194418,-6.998671460497807,2.3749971235109477,1.0,16.019291814989742,253.62082570274663,-9.375466206043285,0.11224851061416792,0.3859617194760588,-0.013644703398002039,0.022994116385468187,-2.390589038193757,-0.2187125410890499,-0.20540089102122105,-0.004204147507390646,-0.0018554873542918193,0.004462399565828935,0.00196776473550124
11.27,76.98407703823126,195.58132378194418,-6.998671460497807,2.3749971235109477,1.0,15.909698977177802,253.73057031371627,-9.379738831299111,0.10796996827616932,0.3857126655566229,-0.017593225144417426,0.020997839227575338,-2.3893492736441617,-0.20638261853348105,-0.20761106826572007,-0.034062529086097276,0.11836412777513322,-0.034731539647046575,0.018005787228556194
11.29,76.98407703823126,195.58132378194418,-6.998671460497807,2.3749971235109477,1.0,15.800103730328189,253.83969751459426,-9.384011550474535,0.10371549650704684,0.38512207849677754,-0.019087241772024637,0.02124715939340802,-2.3892624664875686,-0.21883265292515708,-0.2115555893976939,-0.007901372644728042,0.011152277643243395,-0.019836835336745774,-0.05419740987758989
11.31,76.98407703823126,195.58132378194418,-6.998671460497807,2.3749971235109477,1.0,15.687756883591012,253.94771985591086,-9.388391544499376,0.09950409918476105,0.38564256137087194,-0.01613244874321035,0.021668981533670032,-2.3902277865722334,-0.2206271453544831,-0.21076545964744176,-0.02141412749572715,0.02096486341221772,-0.005404955984602007,-0.027608073572210137
11.33,76.98407703823126,195.58132378194418,-6.998671460497807,2.3749971235109477,1.0,15.574638800808547,254.05602114828298,-9.392801606206294,0.09528182657766082,0.38543837631031336,-0.016156100391303833,0.022506437309701227,-2.3905776471071842,-0.22142677262091684,-0.2127792214454511,-0.02126100038682118,0.022129930598775258,-0.006765237588069094,-0.019730545088348206
11.35,76.98407703823126,195.58132378194418,-6.998671460497807,2.3749971235109477,1.0,15.46203256566189,254.1652052948902,-9.397191712839692,0.09102513470213511,0.385258774367965,-0.016677354212512083,0.022750660464221594,-2.3907954807274963,-0.21777795697867752,-0.21320537025847278,-0.018253066871728528,0.017778244469937844,0.04796018371252092,-0.007838616080807609
11.37,76.98407703823126,195.58132378194418,-6.998671460497807,2.3749971235109477,1.0,15.351082529266451,254.2736506702227,-9.401517250320996,0.08679724482562615,0.38510939417072476,-0.017260966717765783,0.022677783817695564,-2.3910062539455637,-0.21886776494696203,-0.21207243198804593,-0.017540919754121274,-0.030433793623107087,0.027022075850440606,-0.021327896890936143
11.39,76.98407703823126,195.58132378194418,-6.998671460497807,2.3749971235109477,1.0,15.240731680678673,254.3774315155856,-9.405819427653853,0.0827512079693707,0.384172799106072,-0.017108157071956433,0.019069549272333407,-2.3911946318332955,-0.20116681909985085,-0.1863310873523946,-0.004861540087132756,0.0018801875192278419,-0.003285810460494594,-0.003862746199120452
11.41,76.98407703823126,195.58132378194418,-6.998671460497807,2.3749971235109477,1.0,15.133886955438925,254.47857537901123,-9.409984914017976,0.07880797742646237,0.38428798600347563,-0.017212878714196855,0.019530014283869225,-2.3913336312866833,-0.21695271816024256,-0.2025738802866579,-0.008638615016031179,-0.026812801192458047,0.013603533686464608,0.00036770537482859467
11.43,76.98407703823126,195.58132378194418,-6.998671460497807,2.3749971235109477,1.0,15.035870485644994,254.58597794956012,-9.413806218883236,0.07462074270720767,0.3843596801714554,-0.01742212956341164,0.019879677539356166,-2.3928537521456184,-0.21168444909527337,-0.190622197037183,-0.06449847003941053,-0.13337743596670143,0.180091159347977,0.009218101712251958
11.45,76.98407703823126,195.58132378194418,-6.998671460497807,2.3749971235109477,1.0,14.93729043360853,254.68660602775438,-9.41764949576575,0.07069762075031547,0.3844123168407806,-0.017331622758184086,0.020020320173442015,-2.393939337705439,-0.21271580295770162,-0.191588283654133,-0.031318044660360866,-0.05306183105112241,0.0815171014008274,0.00872253463069773
11.47,76.98407703823126,195.58132378194418,-6.998671460497807,2.3749971235109477,1.0,14.829453752515823,254.78961467954497,-9.421853654872677,0.06668168890662898,0.384308941220081,-0.017279975789736536,0.01957089517484114,-2.394320479787029,-0.21816043443178643,-0.20468416833973882,-0.019001905167092797,-0.025202861873097993,0.04830402862285678,-0.006779536764128652
11.49,76.98407703823126,195.58132378194418,-6.998671460497807,2.3749971235109477,1.0,14.71694877110525,254.89403594827544,-9.426239813991998,0.06261068427776134,0.38420857561800165,-0.01716195238294956,0.019159248221780202,-2.39444288623869,-0.22018717245482913,-0.20350594533063915,-0.002048879654599062,-0.0026431560672050946,-0.005593774769422315,-0.001475927377125895
11.51,76.98407703823126,195.58132378194418,-6.998671460497807,2.3749971235109477,1.0,14.60366463735865,254.9990200161699,-9.430656349420715,0.05851773816101709,0.3842085521944386,-0.017159814931504043,0.019155507053452644,-2.394448196811454,-0.2214914125882877,-0.20492565503815574,-0.0020883483222759814,-0.003323110574996696,-0.005062044545396299,0.00040149214247052906
11.53,76.98407703823126,195.58132378194418,-6.998671460497807,2.3749971235109477,1.0,14.490108776955077,255.10424981256963,-9.435083478481284,0.05441521198558791,0.38420855027947143,-0.017159037783205735,0.019154705690347877,-2.3944482242845635,-0.2216046722837933,-0.20500362018320006,-0.0021866982054391648,-0.003981359698178059,-0.005068523959103041,0.00041777937735918124
11.55,76.98407703823126,195.58132378194418,-6.998671460497807,2.3749971235109477,1.0,14.37658818074378,255.20945230536626,-9.43950923271954,0.05031375027812017,0.3842085578293935,-0.017158707755619864,0.019153994061401083,-2.39444849470887,-0.22147411542797202,-0.204856992611883,-0.0022784503146694186,-0.00448100999621815,-0.004992018410323897,0.00042696618864349474
11.57,76.98407703823126,195.58132378194418,-6.998671460497807,2.3749971235109477,1.0,14.263159092050822,255.31457180508497,-9.443931419413223,0.046215524168227946,0.38420856433301603,-0.01715850738874717,0.019153294620335787,-2.3944489288759407,-0.22128410701727197,-0.2046588586822978,-0.0023571876024814278,-0.004906788950969598,-0.004887012926202469,0.00043371858648089703
11.59,76.98407703823126,195.58132378194418,-6.998671460497807,2.3749971235109477,1.0,14.149102234398473,255.41980550495822,-9.448378080530274,0.0421128458105957,0.38416688867709653,-0.016915628168757333,0.01934307385765817,-2.39446939366732,-0.22655031647487503,-0.20717273792843047,-0.017193810990174863,-0.02738790452810659,-0.03215303660936675,-0.004266757791010884
11.61,76.98407703823126,195.58132378194418,-6.998671460497807,2.3749971235109477,1.0,14.037794736147399,255.52452165728312,-9.4527175541463,0.03803034474529785,0.38377347942137485,-0.015126907040339935,0.020541691544460422,-2.3951759661496324,-0.21874314236938328,-0.20320120092739566,-0.021640238729977036,-0.012598801236094193,-0.08066832204807665,0.012817246762147669
11.63,76.98407703823126,195.58132378194418,-6.998671460497807,2.3749971235109477,1.0,13.922943896915598,255.63659174604857,-9.457195169710893,0.03366114050492887,0.38404517964359863,-0.016024823603360494,0.019761415912034896,-2.3950682261855216,-0.22830328829462354,-0.21514333720053472,-0.02438388742987574,-0.012682539228029404,0.05448988524206527,0.003947513312117341
11.65,76.98407703823126,195.58132378194418,-6.998671460497807,2.3749971235109477,1.0,13.806509720262351,255.74736835290523,-9.461734513829928,0.02934236440915277,0.3828188520714572,-0.01928450640273542,0.01902239922144094,-2.3952935687023733,-0.22674290291888036,-0.22001528044960353,-0.03755160145394216,-0.024956305321959922,0.14135332792661415,0.013839012697317063
11.67,76.98407703823126,195.58132378194418,-6.998671460497807,2.3749971235109477,1.0,13.690782832746354,255.86876676692492,-9.466246283323729,0.024609482770958924,0.38333370159532115,-0.016474801446782945,0.01971913623972611,-2.397446928194807,-0.23046178893243302,-0.2099180753713474,-0.030676547368379978,0.025714132106924914,0.03010174317805102,-0.040339974054112056
11.69,76.98407703823126,195.58132378194418,-6.998671460497807,2.3749971235109477,1.0,13.57167153019923,255.97681658798743,-9.470889998822642,0.02039701411355036,0.38313486336648356,-0.016723472722138928,0.01936234501148906,-2.397756327000942,-0.23128077633334582,-0.2134765796951418,-0.044085823117666276,-0.04284594186362954,0.0049104085019866725,-0.0009054693547913151
11.71,76.98407703823126,195.58132378194418,-6.998671460497807,2.3749971235109477,1.0,13.454781789465025,256.08483277255027,-9.47544710372456,0.01618585682065129,0.38234656352688556,-0.01742694308817261,0.01968193586090059,-2.398367311927386,-0.22099169160328647,-0.21451924355403712,-0.012057195271505509,-0.024821864613193634,0.025843449311536235,-0.015106908082597861
11.73,76.98407703823126,195.58132378194418,-6.998671460497807,2.3749971235109477,1.0,13.33977880837119,256.1905698153577,-9.479930650745763,0.01206355495681495,0.382236186006023,-0.01716751565495439,0.019120328043650714,-2.398331960154606,-0.21970627681054483,-0.20191200945858986,-0.0032201181838334768,-0.00705670998121339,-0.0009785359921202876,-0.0023312129313441004
11.75,76.98407703823126,195.58132378194418,-6.998671460497807,2.3749971235109477,1.0,13.22719708953251,256.2942782087495,-9.48431980157768,0.008020342738809048,0.3822421378390954,-0.017176307617627163,0.019123282327548403,-2.3983408978773366,-0.21957687638016868,-0.20254927844993562,-0.003592740599088491,-0.006299967639333291,0.0009732623817526734,-0.0008758693918339871
11.77,76.98407703823126,195.58132378194418,-6.998671460497807,2.3749971235109477,1.0,13.114539622989016,256.3978550111606,-9.48871190553649,0.003982260773467625,0.3822427936478281,-0.017175334292321782,0.019125080217391007,-2.398336800636481,-0.21937224312703568,-0.20251058585990026,-0.003394820448049515,-0.006317169378242503,0.0009033044235749084,-0.0015802128284071884
11.79,76.98407703823126,195.58132378194418,-6.998671460497807,2.3749971235109477,1.0,13.002022310346598,256.5012918838757,-9.49309854540559,-5.036584310651876e-05,0.3822448858808967,-0.017170365965035156,0.01913234315571235,-2.398333121373843,-0.21947508847241337,-0.2021834958004624,-0.002803979095447252,-0.006087493084035642,0.00011344101284132277,-0.0020517653099692214
11.81,76.98407703823126,195.58132378194418,-6.998671460497807,2.3749971235109477,1.0,12.88948933505621,256.60473959486404,-9.497485795904241,-0.004083415004445298,0.38224754944958367,-0.01716408046449975,0.019141836117068427,-2.39833490811821,-0.21957869045197315,-0.2020103815162444,-0.0019191022708604454,-0.005965353790957433,-0.0010209606933842025,-0.002333319358159447
11.83,76.98407703823126,195.58132378194418,-6.998671460497807,2.3749971235109477,1.0,12.777360541256456,256.70865142455335,-9.501857288839904,-0.008134558462119842,0.3822183680973169,-0.017310918218387022,0.019315888191180138,-2.3984499181429837,-0.21722648637495678,-0.2045050880774507,-0.004344705605802621,0.009733342199933282,-0.004652561016402741,-0.018985523078673634
11.85,76.98407703823126,195.58132378194418,-6.998671460497807,2.3749971235109477,1.0,12.66588524536468,256.81428796368937,-9.506203304274282,-0.012252942054165772,0.3822083328948802,-0.01732406354607624,0.01931416891216616,-2.398866386749331,-0.21808578860585137,-0.20648271504954704,-0.005324784501173299,0.007039107741886932,-0.0008138318769039209,-0.03194575254561864
11.87,76.98407703823126,195.58132378194418,-6.998671460497807,2.3749971235109477,1.0,12.553408157969868,256.92037959861506,-9.510588375907608,-0.01638906817212793,0.38220294105556835,-0.017337960550761575,0.01931962033526192,-2.399481144339933,-0.22180757418860578,-0.20705366717802662,-0.006277616196661566,0.008486761341927463,0.0031610119477986347,-0.04282295980858658
11.89,76.98407703823126,195.58132378194418,-6.998671460497807,2.3749971235109477,1.0,12.438616860376682,257.02625207043246,-9.515063670160753,-0.020516649919393642,0.38220077411428033,-0.017317348300816063,0.019282260220028102,-2.4002508419945676,-0.2271418300843201,-0.20708434221415575,-0.006581284735446897,-0.007635298250411339,0.009823549101942684,-0.05077488672349771
11.91,76.98407703823126,195.58132378194418,-6.998671460497807,2.3749971235109477,1.0,12.32019569762945,257.13019426663215,-9.519680479624583,-0.024568977256614534,0.38219334497779767,-0.01747199827919467,0.01945186782711862,-2.400982872138349,-0.23579495230467196,-0.20210178083438432,-0.007247494007811526,0.012419291893439622,0.007976516108689592,-0.04223638813313508
11.93,76.98407703823126,195.58132378194418,-6.998671460497807,2.3749971235109477,1.0,12.19845706901622,257.2341198414034,-9.524426624989621,-0.028620656584927615,0.38219372846714916,-0.01744568673683232,0.01940453695099619,-2.401791729803157,-0.24110030499618956,-0.2040699615060124,-0.007467640983691729,-0.009169207656702342,0.014590262403319116,-0.047823542723121545
11.95,76.98407703823126,195.58132378194418,-6.998671460497807,2.3749971235109477,1.0,12.074455528566663,257.33869125459864,-9.529260993038337,-0.03269751479916721,0.38221293327930306,-0.01711368872239361,0.019019886743101642,-2.4025942833679688,-0.2449505485517072,-0.2053539503432177,-0.0072098427559022585,-0.03257381031265583,0.020335382282892254,-0.04427968534503962
11.97,76.98407703823126,195.58132378194418,-6.998671460497807,2.3749971235109477,1.0,11.94926912031912,257.44401124503713,-9.534141554763387,-0.036803557311388325,0.38225259951929624,-0.01640016184310677,0.018231677176022965,-2.403208370916577,-0.2462707582894658,-0.20727458139903357,-0.006638337223364599,-0.06330569526456876,0.02454072970467594,-0.02910506737254933
11.99,76.98407703823126,195.58132378194418,-6.998671460497807,2.3749971235109477,1.0,11.825324547527936,257.54992498307814,-9.538973701850763,-0.04093274787829075,0.3822807424864124,-0.015873289758982147,0.017667785262565114,-2.4037123694540403,-0.24338863503440075,-0.20877833571364318,-0.007899941210192022,-0.047922422791823946,0.021972048051656496,-0.019827427581481684
12.01,76.98407703823126,195.58132378194418,-6.998671460497807,2.3749971235109477,1.0,11.705000100828302,257.65388715800987,-9.543664713418,-0.04498585411344426,0.3812003269681061,-0.014782929895314925,0.02073095691888013,-2.403765793872754,-0.23039586660803954,-0.20402894569586882,-0.11860584711826364,0.24244730603236073,-0.2474394249458128,-0.020960953533819035
12.03,76.98407703823126,195.58132378194418,-6.998671460497807,2.3749971235109477,1.0,11.58158119010663,257.7641883242732,-9.548476366857441,-0.04928609451357564,0.3804148765899846,-0.017812001796879383,0.019323255523832263,-2.4039812346550637,-0.23015420251982707,-0.2059680030756336,-0.024724992424308728,-0.042003809095729254,0.048029602333669125,-0.0037064874083609645
12.05,76.98407703823126,195.58132378194418,-6.998671460497807,2.3749971235109477,1.0,11.460755310531109,257.8639762455841,-9.553186927464674,-0.05317646181614583,0.38095651513739986,-0.015246626294855611,0.0198508145168056,-2.4055080058899785,-0.22697080940178743,-0.20461603125081892,-0.08571822096708961,-0.11452441644035805,-0.17599153704448195,0.006888530022789352
12.07,76.98407703823126,195.58132378194418,-6.998671460497807,2.3749971235109477,1.0,11.337579929901962,257.97172078654256,-9.55798908655353,-0.05737702871510886,0.3807477899889298,-0.01625657459282843,0.019516073276464315,-2.4064154741989925,-0.23258240366388339,-0.21316544103389704,-0.043767237431896124,-0.003167745531341533,-0.048988803072982645,-0.0039001609817931465
12.09,76.98407703823126,195.58132378194418,-6.998671460497807,2.3749971235109477,1.0,11.211131447261877,258.0793297787443,-9.562918851958601,-0.0615723110621558,0.3804610890051382,-0.016538764909836617,0.01937611372743057,-2.4072873997755058,-0.2439563568278807,-0.21511116143713876,-0.024263958218359763,0.0563386815578496,0.03431209524792052,-0.039823484902617556
12.11,76.98407703823126,195.58132378194418,-6.998671460497807,2.3749971235109477,1.0,11.090028966923803,258.18999065869116,-9.567640196221294,-0.06588657538756897,0.3802790490602651,-0.01714879230940286,0.01915746418650063,-2.407456045773286,-0.22946535240590155,-0.20793153824247987,-0.005575758857949638,-0.009998691958055974,0.002179299844876279,0.008441004415483063
12.13,76.98407703823126,195.58132378194418,-6.998671460497807,2.3749971235109477,1.0,10.973900269603847,258.29468713132746,-9.572167630814665,-0.0699683092135472,0.3802861223783074,-0.01715665372211804,0.019150206443029862,-2.4074408087825514,-0.22536060917885686,-0.2028629791362912,-0.0030395001602834377,-0.010084594508121566,-0.00224299268697072,0.0005932208148357038
12.15,76.98407703823126,195.58132378194418,-6.998671460497807,2.3749971235109477,1.0,10.85890286049089,258.39852346440244,-9.576650960604644,-0.07401650933342661,0.38028640090688437,-0.017156570814631414,0.019150046843476935,-2.4074424479742693,-0.22459117367198236,-0.20215627843280337,-0.0030426654521244463,-0.00972761768668941,-0.0026519774218458623,0.0006359385447409498
12.17,76.98407703823126,195.58132378194418,-6.998671460497807,2.3749971235109477,1.0,10.744080516989495,258.5021983904219,-9.581127465224581,-0.07805841678057966,0.3802864111007951,-0.01715608897521566,0.019150017080194762,-2.407443266649304,-0.2243941913178083,-0.20196252621044658,-0.003107894160373787,-0.009547879150032785,-0.0031008136303196277,0.000635726788297351
12.19,76.98407703823126,195.58132378194418,-6.998671460497807,2.3749971235109477,1.0,10.629322630785031,258.6058152555145,-9.585601456889473,-0.08209806064384037,0.38028639830599703,-0.01715563340238878,0.019149990431924,-2.407443937412893,-0.22426051717333928,-0.20182745140944172,-0.003167265027385047,-0.009405307821985974,-0.003504364782742669,0.0006236709496915603
12.21,76.98407703823126,195.58132378194418,-6.998671460497807,2.3749971235109477,1.0,10.514619441844186,258.70938317122165,-9.59007331610744,-0.08613579614899186,0.38028638625211775,-0.0171552349713374,0.019149962417837008,-2.4074445549221783,-0.22412901986683734,-0.20169598770239017,-0.003215239348350263,-0.009282270005935622,-0.0038583622004832044,0.0006083207670271233
12.23,76.98407703823126,195.58132378194418,-6.998671460497807,2.3749971235109477,1.0,10.399972463445415,258.8129007355619,-9.59454298388127,-0.09017156863789065,0.38028637613838273,-0.01715489118330272,0.01914993511938209,-2.407445136481356,-0.2239945544302192,-0.2015634462668009,-0.0032526827489343475,-0.009175944492691084,-0.00416752458821442,0.0005914479903195764
12.25,76.98407703823126,195.58132378194418,-6.998671460497807,2.3749971235109477,1.0,10.284107305763499,258.9180731043759,-9.599060144024815,-0.09427185592108603,0.3802577447716443,-0.017219567569210774,0.019250754165896652,-2.4074314996496757,-0.22816033472367941,-0.2071416350397181,-0.010300362899605939,0.019936429958997248,-0.009921471795500222,0.00033514773314182947
12.27,76.98407703823126,195.58132378194418,-6.998671460497807,2.3749971235109477,1.0,10.166004087662271,259.02472974888167,-9.603664557985876,-0.09843000970299137,0.3802553282776006,-0.01722189115251021,0.01925759000104665,-2.4074331749472084,-0.22983656450246662,-0.20861135202239295,-0.010856159955271935,0.020928411933905593,-0.010898648526476857,0.00031174017990514907
12.29,76.98407703823126,195.58132378194418,-6.998671460497807,2.3749971235109477,1.0,10.0471417938897,259.1316773583621,-9.608298565540363,-0.10259950714862007,0.38024351933189504,-0.01709439452856834,0.019117217854078026,-2.407416293194334,-0.23524583487526793,-0.20730732353686743,-0.015733783993440168,-0.045434162156624755,-0.004583401893298079,0.00490494158901912
12.31,76.98407703823126,195.58132378194418,-6.998671460497807,2.3749971235109477,1.0,9.921492865605078,259.23287536306776,-9.61319715923567,-0.10654484846268264,0.38007920800757955,-0.014389630892533893,0.016115838763026687,-2.4073254514639606,-0.24871340855265855,-0.18670012517055742,-0.028705826396337997,-0.2995928553282389,0.01819146802514667,0.0021961155565422955
12.33,76.98407703823126,195.58132378194418,-6.998671460497807,2.3749971235109477,1.0,9.805425321439172,259.32785649400904,-9.61772220969048,-0.11024781653056676,0.38022893469619107,-0.016229466853310098,0.018119666762212643,-2.408037729598522,-0.21444889131141706,-0.2023780012413512,-0.03364539171907418,0.008433499969302205,-0.08722395023787904,-0.014074565111397201
12.35,76.98407703823126,195.58132378194418,-6.998671460497807,2.3749971235109477,1.0,9.687994819636199,259.4314728635264,-9.622300396895275,-0.11428744107315408,0.38010712220226894,-0.01594877702418336,0.0174632145852708,-2.4080018568224575,-0.22963129320267103,-0.20316812336921494,-0.032080587048122555,0.00561722414392907,0.0694927987353588,0.002991603109520502
12.37,76.98407703823126,195.58132378194418,-6.998671460497807,2.3749971235109477,1.0,9.576287998344064,259.5362459904182,-9.62665543866105,-0.1183721633691329,0.3787054838735591,-0.018001417772678135,0.018338253240529147,-2.4077537999413883,-0.21171886202988277,-0.20013314040770022,-0.09069785021897103,0.1763715934725811,-0.2685281637453603,0.04184579676794493
12.39,76.98407703823126,195.58132378194418,-6.998671460497807,2.3749971235109477,1.0,9.460763415094355,259.6353214333016,-9.631159321048953,-0.12223475373495524,0.37821437251662515,-0.01263174156295039,0.025175331484626657,-2.4059042137405813,-0.2317144563381401,-0.18828065353961712,-0.03227398070805678,0.020138209377935416,-0.4912772308507408,0.09508701177907894
12.41,76.98407703823126,195.58132378194418,-6.998671460497807,2.3749971235109477,1.0,9.335330367974988,259.7558953428316,-9.636049498324562,-0.12693549094860085,0.3793221752145978,-0.015097503635644985,0.017105918929356586,-2.4029149732810957,-0.21913479260224747,-0.22339930863703544,-0.0274206800237221,0.0798087294435943,-0.018138858001691904,0.02764569306843406
12.43,76.98407703823126,195.58132378194418,-6.998671460497807,2.3749971235109477,1.0,9.216928506225392,259.86842077860723,-9.64066555531285,-0.1313224475090542,0.3789364970446523,-0.01588327859023983,0.017971046107365614,-2.402871657849246,-0.23215478096720465,-0.2173925041935223,-0.03055986101843404,0.08007261401012321,-0.022278141054047546,-0.0018207000586773518
12.45,76.98407703823126,195.58132378194418,-6.998671460497807,2.3749971235109477,1.0,9.09713524752183,259.9808501499997,-9.64533585779642,-0.13570565886938316,0.3785440921932839,-0.016646221755095853,0.018821496295778322,-2.4028868297003982,-0.23229437957242838,-0.21786849934946131,-0.030723015654198025,0.0804463226349115,-0.022395608100940736,-0.0010097679160959285
12.47,76.98407703823126,195.58132378194418,-6.998671460497807,2.3749971235109477,1.0,8.97715250765035,260.0913735187117,-9.650013547460025,-0.14001456213300795,0.3782867524872581,-0.016852508327829287,0.01944170611176454,-2.402853941676407,-0.2339788533026031,-0.2055744286361346,-0.009645537975146022,-0.020644568749016993,-0.03842694905225513,-0.0029056987440161932
12.49,76.98407703823126,195.58132378194418,-6.998671460497807,2.3749971235109477,1.0,8.859632560602975,260.19475608562647,-9.65459522180885,-0.14404507156438562,0.378245868615648,-0.01612192132295652,0.020245021574800456,-2.402881947303503,-0.2272282424692978,-0.20080118027089294,-0.009823317574976176,-0.020263619654752072,-0.03699851630048373,-0.003324366991005594
12.51,76.98407703823126,195.58132378194418,-6.998671460497807,2.3749971235109477,1.0,8.743463350446515,260.2972816685081,-9.659124235850038,-0.14804217031220576,0.37803475040997725,-0.015376919814389817,0.02038504755903922,-2.40291897798381,-0.23156687309805385,-0.20380296564273098,-0.045960614044335685,-0.11573662185008184,0.056088708882043634,-0.007956724963331689
12.53,76.98407703823126,195.58132378194418,-6.998671460497807,2.3749971235109477,1.0,8.626649758514533,260.3962305829555,-9.663678371987737,-0.15189982779553687,0.3779982111520526,-0.014805784580276144,0.0212173257584621,-2.403313033884673,-0.2181331575306938,-0.20688517856316,-0.013720791716545997,-0.026607127619814534,-0.06733647820346259,-0.05143022367208129
12.55,76.98407703823126,195.58132378194418,-6.998671460497807,2.3749971235109477,1.0,8.514554983523617,260.4963428237194,-9.66804853865405,-0.15580283913136156,0.3776270332873256,-0.011414818656966494,0.024203274610901715,-2.402926821502778,-0.2185812767145567,-0.1932282906302368,-0.06479082633536039,-0.12197241042615352,-0.3032377492632878,0.05200363286053941
12.57,76.98407703823126,195.58132378194418,-6.998671460497807,2.3749971235109477,1.0,8.403111434911116,260.58848045189916,-9.672393316377734,-0.1593949493917798,0.3773429640347781,-0.005871820019909491,0.03038581192005046,-2.401643754213803,-0.21895435820633452,-0.17363918306905202,-0.00929272013904503,0.021473490932845955,-0.4878857824556283,0.0778006046818241
12.59,76.98407703823126,195.58132378194418,-6.998671460497807,2.3749971235109477,1.0,8.288667026177126,260.67918504006263,-9.676855086698747,-0.162931190645717,0.3773777135651763,0.0006783989068766452,0.038973766289350245,-2.3997140624552666,-0.23057020941626305,-0.1777223268072158,0.013042139270753539,-0.017513033518642872,-0.548287078978603,0.09784369527070379
12.61,76.98407703823126,195.58132378194418,-6.998671460497807,2.3749971235109477,1.0,8.1677008383488,260.7718290316919,-9.681571117413302,-0.16654304217122434,0.3778299462173999,0.008208239194899148,0.04736576621893586,-2.3977934414613737,-0.24135604203128053,-0.18182097456379634,0.011990749240991295,-0.011885240446545191,-0.572410216548689,0.07226252090243289
12.63,76.98407703823126,195.58132378194418,-6.998671460497807,2.3749971235109477,1.0,8.039682449360273,260.8657852759475,-9.686562087744239,-0.17020605364317498,0.3782755709385156,0.015981449313876857,0.05602476085058783,-2.396332525419559,-0.2568544846591743,-0.18356205479754367,0.012342167804173416,-0.010256045059118691,-0.5869845990789931,0.04102109841369968
12.65,76.98407703823126,195.58132378194418,-6.998671460497807,2.3749971235109477,1.0,7.902729244245957,260.9605405572278,-9.691901393986512,-0.17390021665605215,0.37872226229217393,0.023921923065285133,0.06487504123960353,-2.395548161816647,-0.2759627237406366,-0.18489142284802543,0.013283991305248117,-0.01113826381775581,-0.5975124859256645,-0.002025505600691389
12.67,76.98407703823126,195.58132378194418,-6.998671460497807,2.3749971235109477,1.0,7.756770210071908,261.05644209351277,-9.69759180467556,-0.1776390679732092,0.3791737984824436,0.032114106942485114,0.07400530794435521,-2.3953597718433666,-0.29155826010267183,-0.18864733404795186,0.014335431813258314,-0.009799969816982518,-0.6263973755696439,-0.024424048381571833
12.69,76.98407703823126,195.58132378194418,-6.998671460497807,2.3749971235109477,1.0,7.604852349240837,261.1543490158431,-9.703514528294704,-0.18145610198218776,0.37965297534625575,0.04088883532680998,0.08375977453207505,-2.395130600670929,-0.30244707904697027,-0.1916452146471916,0.014875376226555444,-0.004153907149989301,-0.6709301264687615,-0.027223368128278778
12.71,76.98407703823126,195.58132378194418,-6.998671460497807,2.3749971235109477,1.0,7.448146194480897,261.25351587854277,-9.709623930039731,-0.18532225647340245,0.380163464183938,0.05036748194104124,0.09426971301330136,-2.3947282597297566,-0.3111865836293044,-0.19332701737383592,0.01605123529680199,0.0005412767929302183,-0.7242146730164993,-0.024821484412679316
12.73,76.98407703823126,195.58132378194418,-6.998671460497807,2.3749971235109477,1.0,7.287117054132021,261.35338961546717,-9.715901869234619,-0.18921596941392538,0.3807073271792929,0.06063476016454529,0.10563240417895602,-2.3940821270135517,-0.3195574572035822,-0.19430617997119096,0.017941098498514725,0.003769012918397506,-0.784208819639854,-0.0216483777469344
12.75,76.98407703823126,195.58132378194418,-6.998671460497807,2.3749971235109477,1.0,7.121219455297238,261.4533897279501,-9.72236961187925,-0.19311460927680418,0.3812812081248778,0.07173764612508039,0.11788343053782564,-2.3932630070025804,-0.3292148224656316,-0.1939981451061264,0.01944137034060131,0.00726845442679131,-0.8463609852130541,-0.02373131813814003
12.77,76.98407703823126,195.58132378194418,-6.998671460497807,2.3749971235109477,1.0,6.950334678563925,261.55323267895534,-9.729031786410763,-0.1970071219865626,0.381888526252392,0.08377177275872513,0.1311148318454532,-2.392221433411582,-0.3391175128156022,-0.19347576055375026,0.02123564952670235,0.010424661647807821,-0.9154482170654271,-0.02535720405288092
12.79,76.98407703823126,195.58132378194418,-6.998671460497807,2.3749971235109477,1.0,6.774264592017476,261.6528855566001,-9.735896117270274,-0.20089222442885615,0.38253022818557747,0.09683239951456347,0.14542315425072264,-2.3909440150415273,-0.3486269422572859,-0.19396506044544545,0.023397021110864058,0.014110862565053275,-0.9950192802482061,-0.03409174237970085
12.81,76.98407703823126,195.58132378194418,-6.998671460497807,2.3749971235109477,1.0,6.592855968708277,261.75246513273345,-9.742968578218,-0.20477446911241518,0.3832085005290546,0.1110435218562663,0.1609140297691429,-2.389434223278316,-0.35817334093103775,-0.19518712539676225,0.025726222378591707,0.017838116558819773,-1.0842190058825811,-0.048858364932405994
12.83,76.98407703823126,195.58132378194418,-6.998671460497807,2.3749971235109477,1.0,6.406521774950422,261.85283660073685,-9.750233069202713,-0.20868758677336782,0.38392397541824874,0.1266307608131814,0.17779003113790268,-2.387869651193227,-0.3678403774761463,-0.1965338499734787,0.02744876198015029,0.020599478419566174,-1.1841678043760175,-0.0716192521002328
12.85,76.98407703823126,195.58132378194418,-6.998671460497807,2.3749971235109477,1.0,6.215162588949202,261.9540111182697,-9.75769346631777,-0.2126320124081742,0.3846555490625774,0.1438639893212725,0.1961082165011086,-2.386255964612177,-0.37823541438758246,-0.19990206064136956,0.019058146244369592,-0.03396263796199856,-1.2942287334118157,-0.1056696056742469
12.87,76.98407703823126,195.58132378194418,-6.998671460497807,2.3749971235109477,1.0,6.019702532615775,262.057619401569,-9.765313741418488,-0.21667132169859707,0.3836313419389912,0.16595611622983789,0.21224284747986402,-2.3844620779957926,-0.38150425195030474,-0.20032130351509103,-0.11644828032431026,-0.399540437582821,-1.357546694431595,-0.14942748320285856
12.89,76.98407703823126,195.58132378194418,-6.998671460497807,2.3749971235109477,1.0,5.849665698667938,262.2038937941843,-9.771942857751737,-0.22237402706371298,0.38527587875337094,0.19030290205079564,0.24119881308002422,-2.3900679850489355,-0.3918865413833331,-0.18988760185444045,-0.05639522658180318,-0.1508621506574088,-1.599506604736869,-0.28714397923718704
12.91,76.98407703823126,195.58132378194418,-6.998671460497807,2.3749971235109477,1.0,5.6597421199098505,262.32540348553005,-9.779347285773495,-0.22711124699922397,0.3844351576064586,0.2136146652797808,0.27078347962167815,-2.3920150460510383,-0.40860703329488934,-0.20530841434443886,-0.1295298829719997,0.12059179370704243,-1.73740817759885,-0.28959199981713774
12.93,76.98407703823126,195.58132378194418,-6.998671460497807,2.3749971235109477,1.0,5.441446685763484,262.43777495953503,-9.787857829015069,-0.23149220115146446,0.3864829181486076,0.24515854511144253,0.2984873326603324,-2.3893640272634227,-0.4364946562214291,-0.2020926212821393,0.0015829988918595328,-0.008888195542425233,-1.982351787171749,-0.2964331979481301
12.95,76.98407703823126,195.58132378194418,-6.998671460497807,2.3749971235109477,1.0,5.211282771357521,262.53977568058434,-9.796831081038693,-0.2354688374496824,0.38667183485640655,0.2753264271378955,0.3282083034635427,-2.385891851549562,-0.4610036085733584,-0.194960206373121,7.506060300116468e-05,-0.02275384803252258,-2.1223316728929396,-0.2893227826993057
12.97,76.98407703823126,195.58132378194418,-6.998671460497807,2.3749971235109477,1.0,4.966998261142094,262.63804370813534,-9.806354843620191,-0.23929994963490409,0.3869859219170638,0.3080438674971175,0.36011841472955614,-2.3803572318196893,-0.4905376221638992,-0.188690678189552,0.01784832955684698,0.012634911611292958,-2.2918375814530325,-0.2627106946720022
12.99,76.98407703823126,195.58132378194418,-6.998671460497807,2.3749971235109477,1.0,4.7063750053352775,262.7342895901677,-9.816515594333907,-0.24305222573753157,0.3875033971259279,0.3437094893978867,0.3945298783213857,-2.3724353766648134,-0.5244533983156265,-0.18542903319751922,0.016819709858364007,0.0008787794239490405,-2.4581780753344504,-0.26020886345165717
13.01,76.98407703823126,195.58132378194418,-6.998671460497807,2.3749971235109477,1.0,4.426115792467377,262.8268682978891,-9.82744187943597,-0.24666153208144684,0.38817537340591984,0.3834917215746299,0.43058582126665645,-2.361692258392582,-0.5669716113616144,-0.17234200577609593,0.034085017154820985,-0.06261317525744832,-2.6346302834449666,-0.26085624766002985
13.03,76.98407703823126,195.58132378194418,-6.998671460497807,2.3749971235109477,1.0,4.124818743226693,262.9106693258272,-9.839188353090577,-0.2499286286872187,0.38901709514491906,0.42779532418226673,0.4680124419930738,-2.347149055947454,-0.6062316605149923,-0.1570644015859085,0.03247551216519037,-0.07863149582870813,-2.8084165612479772,-0.21328841424917888
13.05,76.98407703823126,195.58132378194418,-6.998671460497807,2.3749971235109477,1.0,3.8020408173415174,262.9862886238607,-9.851772287822943,-0.2528767494682513,0.38980986024332703,0.4767965868504762,0.5070509127751616,-2.3279072697871084,-0.650254471431154,-0.14096958046981722,0.030234501316470958,-0.09228931225754305,-2.9931776348805728,-0.1615801082123724
13.07,76.98407703823126,195.58132378194418,-6.998671460497807,2.3749971235109477,1.0,3.4546951494692815,263.0536223065376,-9.865314029260457,-0.25550184430945927,0.3905566087428521,0.5312972696864194,0.5475405792904364,-2.3030228899010807,-0.7018486504336473,-0.12493385048059244,0.028097607130984276,-0.10208773424712762,-3.1879921445747814,-0.09764026839354416
13.09,76.98407703823126,195.58132378194418,-6.998671460497807,2.3749971235109477,1.0,3.0798607331690095,263.114881953478,-9.87992745679653,-0.25789013463851934,0.3912548761488721,0.5924343172471846,0.5892906154129999,-2.271705469481553,-0.7561140475927913,-0.11705598694760103,0.023843329158892757,-0.12072279400412861,-3.410710692769556,-0.07400356257824893
13.11,76.98407703823126,195.58132378194418,-6.998671460497807,2.3749971235109477,1.0,2.679009846262929,263.1739028977344,-9.895555171685656,-0.26019114611050387,0.39194918320420424,0.6619117593184516,0.6322843204543057,-2.23361365223549,-0.805432070048845,-0.11035678904036154,0.02230552755432108,-0.132081079668475,-3.665766170239284,-0.08707892177536859
